1	0.099521	2	180	113
2	0.066584	4	180	89	180	112	19
2	0.066557	6	180	92	228	106	49
1	0.199647	12	228	97
2	0.067415	14	225	92	202	90	22
1	0.098939	17	209	96
2	0.067517	19	207	90	264	94	55
1	0.165351	24	264	89
2	0.066978	26	263	96	259	82	11
1	0.199448	32	267	83
2	0.066397	34	263	78	221	92	39
1	0.066599	36	230	90
2	0.100371	38	230	84	232	71	9
2	0.066244	41	230	83	172	90	60
1	0.133166	45	143	88
2	0.066202	47	139	75	87	104	59
1	0.099811	50	88	77
2	0.099862	53	85	94	142	100	21
1	0.299393	62	144	97
2	0.067238	64	145	94	189	101	45
1	0.265541	72	185	98
2	0.066642	74	181	98	229	88	48
1	0.432654	87	257	94
2	0.067246	89	276	87	249	95	27
1	0.09902	92	255	89
2	0.066729	94	253	87	293	86	39
1	0.133553	98	289	83
2	0.099316	101	292	75	78	94	187
1	0.166518	106	79	88
2	0.100111	109	157	86	243	91	93
1	0.299514	118	249	86
2	0.066621	120	246	82	286	92	41
1	0.099215	123	286	86
2	0.066742	125	284	87	268	85	16
1	0.133228	129	271	86
2	0.100175	132	253	83	176	104	84
1	0.199094	138	179	100
2	0.066531	140	190	99	207	105	19
1	0.166435	145	207	101
2	0.066493	147	208	100	108	101	100
1	0.732346	157	66	115
2	0.066374	171	118	118	173	124	53
1	0.133005	175	172	120
2	0.066595	177	157	121	148	90	30
1	0.100115	180	153	116
2	0.100028	183	153	108	233	122	77
1	0.265869	191	231	106
2	0.066468	193	238	112	270	102	31
1	0.133436	197	268	96
2	0.099335	199	275	101	291	91	18
2	0.066644	202	296	100	132	113	162
1	0.266198	210	58	128
2	0.100007	212	58	127	63	109	16
2	0.066379	215	62	127	129	121	68
1	0.199732	221	127	119
2	0.06673	223	129	116	180	127	51
1	0.265912	231	178	125
2	0.067191	233	190	121	222	125	33
1	0.099226	236	225	125
2	0.0675	238	224	118	203	124	21
1	0.265809	246	207	120
2	0.100709	248	212	113	204	128	15
2	0.065132	251	203	128	253	128	53
1	0.166484	256	251	117
2	0.066471	258	252	116	292	125	40
1	0.066832	260	283	120
2	0.066289	262	290	122	200	130	88
1	0.233086	269	208	118
2	0.066391	271	211	113	117	128	93
1	0.133199	275	109	133
2	0.066511	277	112	126	145	132	35
1	0.133112	281	145	129
2	0.067312	283	144	126	130	125	14
1	0.498426	298	133	133
2	0.066459	300	131	126	155	138	26
1	0.233268	307	155	129
2	0.132879	311	149	128	137	128	10
1	0.466505	325	142	128
2	0.066393	327	128	146	132	118	27
1	0.298954	336	130	129
2	0.066669	338	134	144	230	144	94
1	0.200085	344	230	144
2	0.066549	346	233	134	204	132	31
1	0.165865	351	206	132
2	0.100053	354	209	133	256	130	37
1	0.133134	358	252	132
2	0.066229	360	258	125	286	136	30
1	0.066599	362	284	129
2	0.066623	364	283	130	85	171	201
1	0.200425	370	53	159
2	0.099684	373	58	142	89	145	20
1	0.198949	379	86	146
2	0.066926	381	114	146	137	151	24
1	0.132755	385	137	150
2	0.066679	387	139	146	107	154	33
1	0.132981	391	108	148
2	0.06645	393	120	149	160	157	40
1	0.366163	404	160	150
2	0.066693	406	158	143	206	163	51
1	0.266121	414	206	149
2	0.067081	416	222	158	260	154	39
1	0.232436	423	260	146
2	0.099899	426	260	138	286	145	23
1	0.099689	429	284	141
2	0.100182	432	264	138	66	172	211
1	0.265894	440	66	167
2	0.066563	442	69	169	99	173	31
1	0.199613	448	94	162
2	0.066559	450	94	146	138	159	46
1	0.233121	457	136	165
2	0.099704	460	150	164	194	166	46
1	0.432527	473	194	162
2	0.133169	477	191	162	99	174	86
1	0.133237	481	101	174
2	0.066331	483	102	176	86	183	18
1	0.067208	485	87	172
2	0.066082	487	86	175	149	180	66
1	0.132965	491	164	181
2	0.066542	493	162	173	165	165	8
1	0.100049	496	164	170
2	0.099673	499	135	175	102	174	35
1	0.133106	503	103	175
2	0.066908	505	107	176	192	190	90
1	0.199384	511	194	175
2	0.099913	514	194	172	243	178	32
1	0.232983	521	247	178
2	0.066597	523	244	179	278	183	35
1	0.099722	526	272	176
2	0.066414	528	276	169	111	193	170
1	0.299632	537	64	200
2	0.100601	540	61	193	109	205	46
1	0.36514	551	110	195
2	0.099795	554	108	199	50	199	36
1	0.166628	559	53	192
2	0.066422	561	58	191	99	192	41
1	0.266431	569	95	188
2	0.099529	572	98	190	143	187	41
1	0.199574	578	143	190
2	0.067138	580	144	188	188	196	46
1	0.39893	591	185	189
2	0.066614	593	182	181	202	188	21
1	0.166186	598	204	189
2	0.066653	600	218	185	261	192	42
1	0.199629	606	261	188
2	0.066635	608	260	183	274	192	16
1	0.066534	610	275	190
2	0.099688	613	268	192	64	225	208
1	0.232902	620	66	217
2	0.066604	622	90	213	121	217	32
1	0.133133	626	122	216
2	0.0665	628	120	201	99	202	21
1	0.233198	635	83	199
2	0.066289	637	74	197	55	209	23
1	0.166402	642	56	192
2	0.066745	644	54	198	108	205	56
1	0.133051	648	104	200
2	0.133031	652	110	190	169	193	49
1	0.133238	656	170	187
2	0.066799	658	172	184	267	186	96
1	0.366132	669	276	173
2	0.066068	671	262	172	83	196	184
1	0.099904	674	86	190
2	0.066497	676	85	176	47	192	39
1	0.099949	679	54	199
2	0.099574	681	53	195	59	182	13
2	0.066926	684	55	192	83	188	30
1	0.267362	692	101	191
2	0.098362	695	101	198	147	198	25
1	0.40001	707	151	198
2	0.06594	709	152	196	114	200	40
1	0.199599	715	147	198
2	0.067503	717	146	199	191	196	46
1	0.464976	731	198	191
2	0.100192	734	203	185	244	190	42
1	0.166119	739	245	186
2	0.499381	741	240	203	163	215	79
1	0.199271	760	105	196
2	0.067177	762	111	191	150	206	43
1	0.132493	766	149	206
2	0.100778	768	150	199	128	223	31
2	0.065866	771	132	206	192	214	62
1	0.099686	774	190	206
2	0.066399	776	187	208	191	189	19
1	0.066614	778	185	199
2	0.066568	780	186	198	164	194	23
1	0.299542	789	170	189
2	0.100411	792	184	184	213	184	40
1	0.365458	803	221	185
2	0.06655	805	219	181	118	252	124
1	0.166356	810	120	237
2	0.100303	813	111	230	117	217	23
1	0.099313	816	112	218
2	0.066449	818	113	224	155	218	42
1	0.36609	829	179	224
2	0.067642	831	187	225	222	229	35
1	0.098728	834	218	223
2	0.066608	836	224	223	253	227	30
1	0.200452	842	250	220
2	0.066476	844	259	224	182	231	82
1	0.265707	852	186	231
2	0.099696	855	184	224	242	222	59
1	0.199673	861	240	219
2	0.066463	863	232	214	218	213	11
1	0.066564	865	222	213
2	0.066611	867	224	212	179	221	45
1	0.266066	875	179	218
2	0.066729	877	180	209	199	222	22
1	0.133655	881	204	218
2	0.066223	883	203	216	240	217	38
1	0.365894	894	243	215
2	0.066832	896	233	210	274	212	40
1	0.132734	900	269	212
2	0.099813	903	271	204	287	212	19
2	0.066565	905	285	211	83	255	214
1	0.233022	912	63	248
2	0.066471	914	50	247	52	233	12
1	0.100024	917	54	236
2	0.100214	920	52	240	101	229	44
1	0.465303	934	103	237
2	0.099885	937	101	233	251	228	96
1	0.10019	940	249	224
2	0.066099	942	240	223	132	247	117
1	0.166577	947	137	247
2	0.066398	949	137	240	170	240	34
1	0.133105	953	170	236
2	0.066492	955	171	238	149	238	22
1	0.133112	959	143	238
2	0.066898	961	143	233	199	242	58
1	0.133661	965	200	236
2	0.098949	967	202	229	198	215	14
2	0.066555	970	218	228	255	233	37
1	0.465919	975	255	228
1	0.133304	988	73	248
2	0.067227	990	82	247	135	257	58
1	0.165909	995	134	255
2	0.099363	998	132	245	175	252	34
1	0.099951	1001	178	250
2	0.066463	1003	176	243	150	250	27
1	0.101035	1006	153	249
2	0.098579	1009	151	253	101	280	46
1	0.099958	1012	103	274
2	0.100117	1015	103	273	85	279	22
1	0.166376	1020	87	271
2	0.066147	1022	87	270	165	275	83
1	0.232971	1029	172	264
2	0.066863	1031	173	257	211	263	40
1	0.166199	1036	216	259
2	0.066386	1038	217	261	258	262	43
1	0.266333	1046	259	262
2	0.06648	1048	261	259	273	263	13
1	0.06663	1050	275	260
2	0.066472	1052	208	256	40	304	185
1	0.234194	1059	58	280
2	0.098712	1062	65	277	128	279	71
1	0.10044	1065	130	280
2	0.065767	1067	121	276	103	280	17
1	0.266304	1075	102	277
2	0.066422	1077	118	278	160	278	44
1	0.133321	1081	160	276
2	0.066509	1083	165	272	213	285	52
1	0.099911	1086	211	280
2	0.066289	1088	205	276	189	281	15
1	0.099949	1091	193	271
2	0.066487	1093	190	278	228	276	38
1	0.266211	1101	234	275
2	0.066769	1103	236	277	269	276	34
1	0.266574	1111	270	267
2	0.066086	1113	262	262	246	274	20
1	0.46579	1118	252	269
1	0.066468	1129	63	296
2	0.0669	1131	65	299	53	300	12
1	0.066832	1133	53	291
2	0.066682	1135	48	289	117	297	75
1	0.132405	1139	115	296
2	0.066577	1141	114	291	101	290	12
1	0.066519	1143	104	296
2	0.067018	1145	106	297	147	301	44
1	0.365679	1156	148	289
2	0.066849	1158	161	288	178	286	18
1	0.066331	1160	177	288
2	0.066391	1162	197	289	224	292	29
1	0.100218	1165	225	286
2	0.066271	1167	222	285	204	286	20
1	0.066574	1169	205	285
2	0.066597	1171	202	287	206	275	10
2	0.466104	1173	206	281	255	279	49
1	0.166091	1189	267	276
2	0.066463	1191	268	276	249	275	19
1	0.066497	1193	253	273
2	0.36635	1195	253	276	275	281	23
2	0.100219	1207	71	293	84	292	17
1	0.199091	1213	103	305
2	0.066541	1215	109	305	79	315	32
1	0.166368	1220	72	307
2	0.066972	1222	86	303	150	303	68
1	0.066254	1224	147	299
2	0.09965	1226	150	296	145	283	14
2	0.066813	1229	145	288	180	296	36
1	0.166499	1234	179	294
2	0.099636	1237	175	291	236	291	68
1	0.199613	1243	236	292
2	0.067171	1245	223	296	122	297	106
1	0.298947	1254	130	281
2	0.099827	1257	131	279	105	288	32
1	0.133494	1261	104	284
2	0.066035	1263	103	288	133	292	33
1	0.200357	1269	151	292
2	0.066086	1271	151	287	134	299	20
1	0.432671	1284	130	305
2	0.066232	1286	138	308	159	299	23
1	0.167315	1291	154	296
2	0.065616	1293	158	297	132	301	30
1	0.233016	1300	130	306
2	0.066808	1302	134	303	165	307	34
1	0.166699	1307	176	299
2	0.099304	1310	177	309	228	309	47
1	0.099803	1313	223	296
2	0.066543	1315	227	294	206	294	21
1	0.166365	1320	206	296
2	0.066617	1322	204	289	238	294	37
1	0.232842	1329	241	292
2	0.067021	1331	253	292	262	293	9
1	0.132569	1335	266	293
2	0.066788	1337	186	309	66	331	131
1	0.133727	1341	70	326
2	0.099004	1344	72	322	59	314	19
1	0.099954	1347	55	318
2	0.06637	1349	54	315	103	328	55
1	0.234195	1356	100	317
2	0.065819	1358	103	321	171	316	75
1	0.13279	1362	205	308
2	0.099689	1365	202	295	166	300	25
1	0.233023	1372	170	305
2	0.09979	1375	165	308	205	299	50
1	0.199615	1381	208	295
2	0.13308	1385	215	293	133	302	83
1	0.099901	1388	135	301
2	0.39931	1390	138	301	177	307	42
1	0.099834	1403	226	288
2	0.100328	1406	229	292	212	286	11
1	0.199256	1412	219	291
2	0.066418	1414	229	291	257	288	27
1	0.199868	1420	252	282
2	0.099689	1423	255	276	278	278	25
1	0.366396	1425	271	279
2	0.066447	1436	63	318	55	309	12
1	0.099595	1439	54	318
2	0.067437	1441	55	315	114	327	64
1	0.265226	1449	100	314
2	0.067421	1451	108	317	173	323	69
1	0.132239	1455	164	316
2	0.099924	1458	168	307	135	304	24
1	0.199628	1464	146	305
2	0.066666	1466	150	302	155	310	9
1	0.099946	1469	152	303
2	0.099546	1471	160	313	155	301	11
2	0.066648	1474	163	307	212	319	53
1	0.066488	1476	216	309
2	0.06654	1478	222	310	232	306	10
1	0.067429	1480	221	307
2	0.099038	1482	221	307	213	300	10
2	0.066848	1485	237	305	255	309	19
1	0.398923	1488	264	310
1	0.19967	1503	51	335
2	0.067046	1505	85	333	114	334	31
1	0.099338	1508	116	329
2	0.100021	1511	120	324	100	329	16
1	0.232779	1518	91	329
2	0.066949	1520	101	337	121	335	20
1	0.13306	1524	120	331
2	0.066949	1526	120	330	169	329	51
1	0.09908	1529	188	323
2	0.067071	1531	187	327	163	328	24
1	0.232486	1538	163	326
2	0.066877	1540	168	323	209	326	43
1	0.199313	1546	204	323
2	0.099796	1549	206	326	215	328	10
1	0.432609	1562	211	323
2	0.068027	1564	209	318	256	330	53
1	0.43142	1577	262	322
2	0.10044	1580	170	323	56	349	133
1	0.198891	1586	55	346
2	0.1008	1589	59	343	277	337	131
1	0.131978	1593	280	327
2	0.066536	1595	278	330	258	324	23
1	0.233018	1602	257	321
2	0.066488	1604	254	319	273	322	18
1	0.565673	1621	265	315
2	0.067383	1623	265	323	255	321	10
1	0.33203	1633	259	322
2	0.099776	1636	259	328	270	329	10
1	0.29974	1645	269	324
2	0.066391	1647	270	321	245	326	25
1	0.100147	1650	247	320
2	0.132812	1654	247	320	73	354	189
1	0.099688	1657	72	352
2	0.06743	1659	69	353	52	357	19
1	0.132289	1663	51	352
2	0.066914	1665	52	360	77	363	27
1	0.432881	1667	104	348
1	0.431832	1691	142	321
2	0.066776	1693	142	321	177	326	36
1	0.19981	1699	207	315
2	0.066266	1701	204	317	188	319	16
1	0.26651	1709	189	315
2	0.066328	1711	188	315	242	321	55
1	0.465875	1725	234	319
2	0.066488	1727	227	313	227	322	9
2	0.066613	1729	226	321	240	322	15
1	0.099747	1732	251	323
2	0.099815	1735	251	323	235	321	15
1	0.233	1742	232	324
2	0.100484	1745	234	320	203	324	16
1	0.198993	1751	203	324
2	0.066546	1753	205	320	241	321	39
1	0.465847	1766	243	319
2	0.066533	1768	255	318	261	305	13
1	0.199771	1774	263	303
2	0.09977	1777	266	301	55	337	119
1	0.532415	1793	57	327
2	0.100264	1796	52	326	263	309	170
1	0.265848	1804	265	305
2	0.066432	1806	267	308	277	307	10
1	0.133111	1810	277	307
2	0.067553	1812	271	305	68	333	217
1	0.431654	1825	53	337
2	0.099852	1828	69	326	103	330	37
1	0.099798	1831	104	326
2	0.066767	1833	102	326	87	333	16
1	0.432794	1835	91	321
1	0.099507	1849	73	320
2	0.066485	1851	69	316	115	324	49
1	0.099761	1854	115	325
2	0.06745	1856	115	321	97	322	18
1	0.099062	1859	99	322
2	0.066626	1861	100	323	164	323	69
1	0.199579	1867	163	312
2	0.100069	1870	161	308	227	307	67
1	0.233034	1877	224	305
2	0.066169	1879	224	303	205	306	20
1	0.066828	1881	200	307
2	0.066634	1883	198	307	195	298	9
1	0.066641	1885	197	303
2	0.066162	1887	197	306	189	317	12
1	0.133038	1891	188	317
2	0.066595	1893	188	317	232	321	46
1	0.499288	1908	232	322
2	0.066408	1910	232	321	189	333	46
1	0.099873	1913	193	324
2	0.067324	1915	194	334	196	321	13
2	0.065817	1917	204	317	236	321	33
1	0.166289	1922	235	321
2	0.066987	1924	237	321	236	332	10
1	0.165999	1929	237	324
2	0.066509	1931	240	336	276	334	37
1	0.133684	1935	273	319
2	0.099203	1938	277	324	65	345	180
1	0.133304	1942	65	345
2	0.066409	1944	66	345	52	350	16
1	0.233377	1951	52	347
2	0.099389	1954	56	346	100	344	24
1	0.100296	1957	101	338
2	0.06614	1959	94	338	76	336	20
1	0.166297	1964	72	341
2	0.066774	1966	72	338	47	348	30
1	0.099928	1969	49	336
2	0.066651	1971	53	337	95	343	45
1	0.099503	1974	95	343
2	0.099828	1977	96	340	81	336	13
1	0.432682	1990	81	343
2	0.066455	1992	82	347	123	355	44
1	0.266769	2000	122	338
2	0.066021	2002	126	338	158	345	36
1	0.232946	2009	156	341
2	0.432595	2011	159	338	150	346	12
1	0.199681	2028	191	332
2	0.066525	2030	194	328	109	350	92
1	0.266153	2038	106	337
2	0.099828	2041	108	341	82	334	20
1	0.266349	2049	78	338
2	0.066687	2051	78	335	118	335	42
1	0.066272	2053	123	335
2	0.133315	2055	124	335	128	324	12
2	0.066355	2059	124	335	143	329	20
1	0.199771	2065	163	328
2	0.066441	2067	163	335	147	335	16
1	0.43287	2080	150	336
2	0.066341	2082	149	333	166	337	20
1	0.166296	2087	167	342
2	0.067513	2089	180	339	225	347	47
1	0.132174	2093	224	335
2	0.067146	2095	222	330	252	333	32
1	0.299772	2104	251	337
2	0.065768	2106	251	336	266	328	17
1	0.399651	2108	271	332
1	0.332355	2128	58	343
2	0.066603	2130	56	344	48	345	9
1	0.133324	2134	51	345
2	0.066253	2136	48	333	92	346	50
1	0.233482	2143	89	344
2	0.06701	2145	96	343	133	351	39
1	0.198686	2151	135	341
2	0.066612	2153	133	330	134	343	12
2	0.066775	2155	130	335	100	347	34
1	0.099709	2158	100	348
2	0.066641	2160	99	349	135	350	37
1	0.099493	2163	141	347
2	0.100274	2166	138	338	105	343	35
1	0.133981	2170	78	352
2	0.132204	2174	80	340	139	341	57
1	0.232632	2181	138	345
2	0.066935	2183	134	344	165	348	34
1	0.565259	2187	177	342
1	0.166513	2205	133	337
2	0.066548	2207	149	344	179	322	39
1	0.46664	2221	191	329
2	0.099566	2223	206	320	205	332	11
2	0.066044	2226	206	325	247	331	44
1	0.266116	2234	248	329
2	0.066647	2236	253	332	262	340	12
1	0.499141	2242	267	335
1	0.067281	2253	48	358
2	0.065832	2255	49	361	95	364	51
1	0.166473	2260	98	363
2	0.066414	2262	97	353	137	358	43
1	0.233145	2269	160	357
2	0.066629	2271	158	355	196	358	41
1	0.265992	2279	194	352
2	0.066424	2281	194	351	239	361	49
1	0.100126	2284	244	360
2	0.09962	2286	239	351	243	360	9
2	0.067145	2289	250	355	266	365	19
1	0.233496	2296	266	355
2	0.06543	2298	277	356	283	363	9
1	0.066459	2300	281	356
2	0.066682	2302	279	354	90	389	205
1	0.299353	2311	50	392
2	0.066738	2313	53	383	77	387	26
1	0.299481	2322	101	375
2	0.066614	2324	97	375	150	387	58
1	0.266812	2332	151	379
2	0.065869	2334	147	384	195	383	51
1	0.199621	2340	205	372
2	0.067216	2342	207	380	244	384	40
1	0.199043	2347	247	384
2	0.066401	2349	247	380	200	376	49
1	0.166426	2354	202	375
2	0.067352	2357	209	367	250	380	47
1	0.265493	2361	250	380
2	0.066538	2366	56	406	54	399	8
1	0.066496	2368	56	394
2	0.099823	2370	59	396	55	387	10
2	0.066635	2373	92	358	146	333	61
1	0.233133	2380	142	316
2	0.066602	2382	146	315	190	333	50
1	0.199298	2388	187	330
2	0.066598	2390	189	324	228	333	43
1	0.133389	2394	240	332
2	0.066595	2396	242	328	240	320	9
2	0.066174	2398	242	323	271	332	31
1	0.099991	2401	270	330
2	0.066439	2403	243	335	56	371	204
1	0.100951	2406	63	354
2	0.098774	2409	62	353	55	356	9
1	0.133122	2413	53	356
2	0.066522	2415	62	354	132	362	77
1	0.199582	2421	130	352
2	0.067107	2423	130	347	172	353	46
1	0.299056	2432	189	351
2	0.067174	2434	198	340	239	349	46
1	0.165692	2439	243	356
2	0.066682	2441	242	346	256	358	17
1	0.09974	2444	270	354
2	0.100034	2447	268	349	20	384	249
1	0.26624	2455	58	376
2	0.066261	2457	59	364	129	366	76
1	0.232911	2464	127	359
2	0.066728	2466	126	355	169	365	47
1	0.332743	2476	188	359
2	0.099762	2479	185	359	240	327	63
1	0.266233	2487	240	314
2	0.066499	2489	240	313	248	300	15
1	0.066562	2491	245	301
2	0.099886	2494	244	300	266	313	17
1	0.132996	2498	267	313
2	0.067498	2500	265	312	84	342	196
1	0.098986	2503	52	341
2	0.099974	2506	54	328	55	333	14
1	0.066283	2508	53	326
2	0.10014	2511	56	335	125	333	80
1	0.133045	2515	126	329
2	0.099651	2517	136	325	156	320	21
2	0.066726	2520	144	327	129	326	16
1	0.465908	2523	129	320
1	0.066342	2536	106	322
2	0.066556	2538	108	322	152	327	47
1	0.099898	2541	148	322
2	0.099779	2543	146	313	147	326	12
2	0.066919	2546	139	318	125	316	16
1	0.232607	2553	125	315
2	0.066633	2555	135	317	232	316	101
1	0.099644	2558	236	314
2	0.100252	2561	234	309	168	332	53
1	0.16602	2566	169	322
2	0.066603	2568	182	322	219	319	39
1	0.166345	2573	213	318
2	0.099783	2576	215	322	240	320	26
1	0.333042	2586	241	320
2	0.066354	2588	246	318	267	323	23
1	0.499763	2603	267	305
2	0.066147	2605	270	305	268	324	19
1	0.166736	2610	270	328
2	0.066068	2612	273	331	135	335	146
1	0.166407	2617	61	354
2	0.066435	2619	61	334	50	356	23
1	0.299488	2628	48	339
2	0.099821	2630	44	340	63	343	20
2	0.099892	2634	71	339	148	331	82
1	0.133025	2638	146	332
2	0.066699	2640	142	320	144	333	13
2	0.499098	2642	144	335	187	343	46
1	0.232857	2662	370	55
2	0.10018	2665	294	119	115	320	264
1	0.099574	2668	115	316
2	0.06741	2670	115	310	75	327	46
1	0.298701	2679	63	345
2	0.066457	2681	65	338	99	342	38
1	0.233143	2688	107	334
2	0.066431	2690	106	336	144	337	42
1	0.233462	2697	148	332
2	0.066052	2699	144	328	171	336	31
1	0.199552	2705	187	334
2	0.067575	2707	221	313	383	70	276
1	0.065982	2709	403	49
2	0.099283	2712	400	31	351	92	36
1	0.066679	2714	352	80
2	0.099775	2717	352	64	388	65	12
1	0.266142	2725	384	64
2	0.066593	2727	378	68	352	75	27
1	0.13311	2731	360	59
2	0.06657	2733	351	40	412	53	62
1	0.199615	2739	438	57
2	0.066503	2741	439	54	419	56	19
1	0.133193	2745	423	59
2	0.066856	2747	407	54	349	75	58
1	0.232677	2754	356	71
2	0.066425	2756	367	75	412	84	46
1	0.233153	2763	418	72
2	0.066527	2765	414	81	404	67	18
1	0.200188	2771	402	67
2	0.066063	2773	424	68	476	83	53
1	0.399149	2785	477	75
2	0.066633	2787	458	83	412	106	48
1	0.133049	2791	419	76
2	0.133187	2794	456	75	530	84	84
1	0.365965	2806	549	85
2	0.066736	2808	505	100	338	111	162
1	0.133067	2812	353	105
2	0.099789	2814	354	96	333	96	22
2	0.067349	2817	334	102	327	88	15
1	0.132206	2821	338	94
2	0.066759	2823	361	92	396	96	34
1	0.232819	2830	399	90
2	0.066703	2832	383	84	395	87	11
1	0.066315	2834	398	90
2	0.066503	2836	397	88	386	94	11
2	0.066838	2838	385	81	461	93	74
1	0.066241	2840	468	93
2	0.100002	2843	474	80	445	120	15
1	0.233426	2850	444	100
2	0.132492	2852	449	93	511	102	63
2	0.066611	2856	515	103	502	105	13
1	0.465956	2870	540	102
2	0.100472	2873	568	98	339	134	187
1	0.431853	2886	342	130
2	0.067102	2888	349	127	382	128	32
1	0.099973	2891	389	127
2	0.065917	2893	392	122	371	112	23
1	0.299537	2902	405	120
2	0.099708	2905	412	126	413	127	11
2	0.066879	2907	404	126	376	126	28
1	0.199511	2913	382	123
2	0.099755	2916	385	118	438	126	39
1	0.201275	2922	447	118
2	0.06492	2924	459	115	493	122	36
1	0.099873	2927	492	120
2	0.066514	2929	485	108	464	120	23
1	0.134358	2933	464	115
2	0.098676	2936	465	114	523	117	70
1	0.199853	2941	531	121
2	0.066266	2943	536	145	554	124	24
1	0.066719	2945	557	119
2	0.099707	2948	556	122	319	143	156
1	0.19955	2954	322	134
2	0.066845	2956	319	128	375	144	56
1	0.09955	2959	391	139
2	0.099991	2961	387	134	403	129	16
2	0.06641	2964	392	131	371	131	20
1	0.100004	2967	375	136
2	0.066363	2969	383	133	470	144	88
1	0.199793	2975	461	135
2	0.066887	2977	456	131	465	131	9
2	0.066068	2979	456	130	521	139	65
1	0.233416	2986	531	134
2	0.06615	2988	528	134	560	136	31
1	0.06745	2990	557	134
2	0.098889	2993	487	137	332	159	174
1	0.233402	3000	321	152
2	0.066133	3002	351	150	392	159	42
1	0.133169	3006	392	139
2	0.066488	3008	402	134	380	121	26
2	0.399407	3010	389	106	450	139	68
1	0.232713	3027	451	131
2	0.067547	3029	471	128	525	139	55
1	0.199245	3035	524	125
2	0.099361	3038	519	126	541	126	25
1	0.099864	3041	543	129
2	0.099764	3043	541	132	570	136	29
2	0.099928	3047	564	134	323	139	123
1	0.166352	3052	325	141
2	0.067327	3054	335	131	325	138	14
2	0.065739	3056	323	151	405	155	84
1	0.199848	3062	396	151
2	0.099584	3064	425	157	462	162	37
2	0.100648	3067	465	156	454	152	12
2	0.066177	3070	464	149	428	159	36
1	0.099515	3073	439	151
2	0.099798	3076	444	152	503	163	61
1	0.233292	3083	506	161
2	0.099334	3086	498	160	559	147	24
1	0.1665	3091	548	156
2	0.066599	3093	451	156	320	189	132
1	0.299509	3102	336	169
2	0.066475	3104	375	171	430	177	55
1	0.366142	3115	417	163
2	0.099736	3118	415	153	347	155	36
1	0.299536	3127	353	151
2	0.099811	3130	356	142	375	155	16
1	0.166294	3135	376	153
2	0.067014	3137	375	155	340	164	36
1	0.266512	3145	343	152
2	0.066188	3147	349	157	361	162	12
1	0.265919	3155	368	160
2	0.066438	3157	373	164	421	181	49
1	0.199723	3163	412	166
2	0.066622	3165	404	153	426	171	26
1	0.166937	3170	439	163
2	0.099291	3173	422	147	481	164	57
1	0.332654	3183	479	154
2	0.099819	3186	468	140	522	149	68
1	0.133209	3190	529	152
2	0.067441	3192	533	151	551	157	17
1	0.232334	3199	551	151
2	0.066162	3201	556	154	565	157	9
1	0.099942	3204	557	150
2	0.066545	3206	519	153	313	170	205
1	0.267347	3214	322	175
2	0.065368	3216	315	163	372	179	61
1	0.59905	3234	369	167
2	0.066525	3236	348	163	363	171	17
2	0.099935	3238	355	166	405	173	51
2	0.10064	3242	410	167	381	173	21
1	0.331891	3252	382	166
2	0.09981	3255	368	203	390	188	51
1	0.232897	3262	399	174
2	0.067162	3264	409	167	436	169	27
1	0.19936	3270	435	166
2	0.132834	3273	433	163	487	166	13
1	0.366041	3285	491	161
2	0.099907	3288	488	152	491	147	12
1	0.099735	3291	498	149
2	0.066536	3293	493	151	546	152	49
1	0.332886	3303	556	143
2	0.066786	3305	459	160	309	198	154
1	0.199582	3311	316	179
2	0.066458	3313	317	173	375	176	59
1	0.232829	3320	373	166
2	0.067035	3322	377	158	414	154	37
1	0.066069	3324	411	164
2	0.066688	3326	418	162	400	160	17
1	0.233029	3333	389	164
2	0.099443	3336	388	166	355	179	41
1	0.099967	3339	355	175
2	0.066473	3341	362	164	392	172	32
1	0.232904	3348	385	169
2	0.099874	3350	381	165	390	165	10
2	0.066665	3353	381	160	418	171	39
1	0.232845	3360	429	165
2	0.100068	3363	429	168	490	168	53
1	0.232755	3370	482	168
2	0.133007	3374	495	166	503	159	20
1	0.233866	3381	517	162
2	0.098822	3384	529	155	570	150	38
1	0.332875	3394	562	160
2	0.09999	3397	562	168	327	193	232
1	0.232805	3404	323	181
2	0.099999	3407	342	182	397	192	55
1	0.099846	3410	397	186
2	0.066527	3412	400	185	372	184	27
1	0.133352	3416	379	183
2	0.066123	3418	382	181	438	183	59
1	0.099886	3421	434	186
2	0.066472	3423	426	174	443	186	20
1	0.166475	3428	435	182
2	0.066504	3430	429	180	501	197	74
1	0.099783	3433	489	191
2	0.067055	3435	500	190	473	199	27
1	0.066643	3437	469	186
2	0.066883	3439	461	182	477	185	16
2	0.066002	3441	473	186	537	190	67
1	0.365846	3452	538	193
2	0.06651	3454	447	212	330	228	121
1	0.166348	3459	331	210
2	0.066789	3461	337	210	313	217	26
1	0.199309	3467	317	213
2	0.066621	3469	325	223	311	236	18
1	0.432832	3471	328	222
1	0.232701	3489	417	195
2	0.099901	3492	427	202	490	204	44
1	0.133091	3496	485	205
2	0.066567	3498	477	200	502	189	25
1	0.199612	3504	487	191
2	0.099788	3507	486	183	549	184	40
1	0.133153	3511	540	187
2	0.066496	3513	538	182	562	191	24
1	0.26649	3521	557	193
2	0.066354	3522	563	196	533	203	29
1	0.332939	3532	538	200
2	0.066741	3534	549	203	340	225	211
1	0.200127	3540	325	229
2	0.065676	3542	331	232	318	229	14
1	0.066621	3544	321	222
2	0.066553	3546	331	227	394	232	63
1	0.199567	3552	398	219
2	0.099854	3555	409	221	382	218	26
1	0.332911	3565	383	212
2	0.066414	3567	386	212	471	231	89
1	0.066551	3569	471	223
2	0.067364	3571	476	216	479	205	11
2	0.065689	3573	487	206	459	202	28
1	0.133249	3577	449	205
2	0.099832	3580	453	205	501	203	34
1	0.199835	3586	507	207
2	0.066295	3588	510	205	567	205	57
1	0.09988	3591	557	210
2	0.099826	3594	494	194	323	223	186
1	0.199578	3600	326	219
2	0.066792	3602	323	216	362	218	39
1	0.16615	3607	380	222
2	0.066782	3609	376	207	392	219	21
1	0.099618	3612	401	220
2	0.066702	3614	409	217	356	221	54
1	0.399261	3617	357	225
1	0.266259	3634	357	238
2	0.066486	3636	365	242	421	246	56
1	0.166387	3641	418	247
2	0.067096	3643	421	238	459	250	41
1	0.066522	3645	458	248
2	0.065956	3647	460	246	420	245	42
1	0.066881	3649	421	246
2	0.066544	3651	420	245	507	254	88
1	0.365819	3662	501	248
2	0.06662	3664	495	241	554	245	59
1	0.099713	3667	554	243
2	0.066593	3669	539	244	321	278	218
1	0.266167	3677	329	257
2	0.099871	3680	327	242	386	259	38
1	0.133305	3684	390	256
2	0.066231	3686	395	257	376	258	20
1	0.133262	3690	371	256
2	0.067285	3692	396	252	441	259	44
1	0.199021	3698	434	262
2	0.09972	3701	440	260	366	271	66
1	0.499047	3716	373	259
2	0.099903	3718	377	258	369	265	9
2	0.067082	3721	372	260	391	274	25
1	0.099328	3724	388	270
2	0.0667	3726	390	269	360	269	30
1	0.232887	3733	365	266
2	0.100287	3736	373	264	380	268	14
1	0.36613	3747	382	265
2	0.099191	3749	377	259	388	259	11
2	0.066522	3752	387	261	403	259	16
1	0.133086	3756	401	258
2	0.066693	3758	407	261	447	270	42
1	0.099689	3761	449	266
2	0.066653	3763	444	263	429	268	15
1	0.166407	3768	429	268
2	0.099757	3771	428	256	478	259	13
1	0.133546	3775	476	264
2	0.099305	3777	476	264	476	252	11
2	0.09986	3781	473	251	527	254	44
1	0.233034	3788	525	253
2	0.099773	3790	525	247	561	254	36
2	0.066564	3793	555	249	359	272	194
1	0.266118	3801	316	267
2	0.066689	3803	314	266	367	285	58
1	0.133094	3807	367	281
2	0.066487	3809	365	276	351	268	17
1	0.10014	3812	356	273
2	0.066225	3814	357	267	390	274	35
1	0.233019	3821	402	274
2	0.066649	3823	404	266	450	274	46
1	0.232829	3830	447	274
2	0.099949	3833	450	268	519	266	43
1	0.265969	3841	506	271
2	0.066665	3843	512	277	539	274	27
1	0.100146	3846	536	278
2	0.066371	3848	534	272	345	307	194
1	0.532522	3852	304	301
2	0.066326	3866	348	229	375	241	32
1	0.16632	3871	388	245
2	0.134232	3874	391	238	383	235	10
2	0.065504	3877	404	235	443	245	43
1	0.233313	3884	449	238
2	0.066163	3886	446	238	435	240	14
1	0.099854	3889	432	235
2	0.06661	3891	435	233	480	233	47
1	0.099693	3894	522	243
2	0.066753	3896	531	236	504	242	25
1	0.066444	3898	502	240
2	0.067234	3900	503	240	493	244	10
1	0.066001	3902	495	235
2	0.066313	3904	495	242	545	243	49
1	0.100245	3907	541	250
2	0.066242	3909	550	244	385	272	169
1	0.266265	3917	313	269
2	0.066438	3919	335	261	375	269	43
1	0.100081	3922	374	264
2	0.06686	3924	372	265	345	252	30
1	0.165886	3929	343	257
2	0.066948	3931	349	256	457	274	113
1	0.232569	3938	458	266
2	0.06675	3940	462	263	492	274	31
1	0.199385	3946	522	271
2	0.066604	3948	527	263	513	264	14
1	0.067323	3950	524	259
2	0.065699	3952	539	260	549	266	13
1	0.066592	3954	552	263
2	0.100045	3957	445	272	319	284	134
1	0.19941	3963	316	269
2	0.099853	3966	313	270	301	273	13
1	0.167465	3971	303	272
2	0.132385	3975	306	274	321	266	20
1	0.099528	3978	321	267
2	0.099829	3980	318	271	303	270	15
2	0.066639	3983	302	276	298	267	9
1	0.066523	3985	305	272
2	0.066709	3987	302	275	330	274	29
1	0.133699	3991	329	275
2	0.06569	3993	332	274	369	279	40
1	0.066627	3995	365	281
2	0.066551	3997	369	281	361	274	12
1	0.299457	4006	355	276
2	0.066477	4008	356	273	342	273	14
1	0.199785	4014	346	265
2	0.066597	4016	357	268	395	273	39
1	0.233142	4023	393	272
2	0.0664	4025	392	261	394	274	13
2	0.066439	4027	388	268	434	278	47
1	0.23369	4034	430	273
2	0.099072	4037	430	273	475	270	47
1	0.300411	4046	468	276
2	0.066567	4048	469	276	539	272	73
1	0.53171	4064	540	269
2	0.066432	4066	539	267	515	271	24
1	0.199951	4072	519	269
2	0.066763	4074	511	266	554	268	42
1	0.066025	4076	549	273
2	0.100194	4079	550	273	309	288	215
1	0.165815	4084	307	289
2	0.066969	4086	305	279	307	290	12
2	0.066317	4088	313	290	330	287	18
1	1.73052	4114	317	290
1	0.133284	4143	402	327
2	0.066148	4145	411	318	410	302	15
1	0.100503	4148	414	299
2	0.066497	4150	412	298	524	305	119
1	0.265578	4158	523	290
