2	0.099952	1	178	97	201	93	30
2	0.066644	4	189	93	265	125	105
1	0.199791	10	198	91
2	0.099416	12	183	96	217	94	43
1	0.199738	19	224	87
2	0.099837	21	220	88	236	90	21
2	0.066755	24	229	89	286	79	72
1	0.299267	26	270	85
2	0.06754	35	293	77	300	74	10
1	0.33195	45	294	75
2	0.798472	47	285	76	293	69	13
1	0.066498	71	88	115
2	0.067324	73	151	50	71	156	161
1	0.132248	77	77	128
2	0.100055	79	92	130	168	61	129
2	0.066367	82	171	56	201	192	162
2	0.06658	84	200	191	167	60	159
1	0.099902	87	114	136
2	0.066993	89	171	64	107	133	115
1	0.099405	92	117	132
2	0.099738	95	148	132	213	65	112
1	0.133183	99	210	64
2	0.066719	101	212	68	153	124	101
1	0.133137	105	174	114
2	0.099604	107	179	112	225	63	85
2	0.099804	111	226	66	170	113	90
2	0.099933	113	180	114	247	68	101
2	0.066623	116	269	80	208	115	85
1	0.099722	119	214	110
2	0.066551	121	211	112	253	102	55
1	0.067099	123	254	106
2	0.099728	125	261	98	243	107	24
2	0.066647	128	296	101	361	105	86
1	0.165902	133	306	101
2	0.066568	135	306	98	270	110	48
2	0.066642	137	272	113	157	64	157
1	0.265952	145	88	129
2	0.099846	147	73	136	141	51	133
2	0.066574	150	149	54	170	51	26
1	0.066622	152	168	52
2	0.066992	154	168	52	106	120	113
2	0.09935	156	104	124	169	54	115
2	0.099786	159	173	53	107	123	120
2	0.099785	162	101	130	164	54	122
2	0.066956	165	131	122	200	64	109
2	0.066268	167	200	60	135	116	107
2	0.832131	169	149	141	229	152	103
2	0.06628	194	207	95	201	112	20
1	0.067482	196	194	118
2	0.065756	198	185	114	204	118	25
1	0.0997	201	194	106
2	0.10031	203	193	106	162	120	42
2	0.066013	206	162	123	174	111	20
1	0.133226	210	162	111
2	0.100738	212	181	110	273	94	120
2	0.06606	215	256	24	186	105	133
1	0.099398	218	198	101
2	0.100041	221	204	95	231	99	122
1	0.199844	227	267	71
2	0.066343	229	280	54	282	77	27
1	0.266466	237	287	70
2	0.066837	239	290	58	314	89	47
1	0.09938	242	315	97
2	0.066271	244	308	83	259	94	65
1	1.26441	251	304	95
2	0.366437	284	109	148	229	232	182
2	0.099555	295	167	140	158	145	14
2	0.06647	298	165	138	214	130	64
1	0.332916	301	191	136
2	0.099745	311	219	136	242	128	14
1	0.266234	319	247	118
2	0.066829	321	246	103	303	122	77
1	0.166524	326	281	116
2	0.066999	328	278	116	301	103	33
1	1.63023	331	308	110
1	0.897842	381	220	120
1	0.232984	407	108	156
2	0.732022	413	131	151	165	152	41
2	0.066618	435	267	143	293	156	37
1	0.499318	438	288	132
1	0.199557	455	317	120
2	0.066551	458	300	125	193	177	153
2	0.066521	460	94	192	164	84	162
2	0.099757	462	164	88	197	266	213
2	0.066622	465	84	183	147	88	141
2	0.066662	467	146	87	81	181	141
2	0.066422	469	85	192	148	85	151
1	0.067171	471	87	195
2	0.06599	473	110	196	160	81	158
1	0.066538	475	165	84
2	0.099767	478	165	81	127	175	170
1	0.100093	481	134	178
2	0.06623	483	141	166	197	88	118
2	0.06672	485	197	81	131	169	132
1	0.066521	487	215	138
2	0.066526	489	244	108	181	163	104
1	0.100128	492	178	165
2	0.066182	494	181	174	248	101	124
1	0.266423	499	210	175
2	0.066337	504	241	179	226	173	21
1	0.26632	512	234	175
2	0.066481	514	219	178	263	171	57
1	0.166327	519	297	167
2	0.099981	521	300	163	288	168	18
2	0.066475	524	299	158	332	167	45
2	0.066501	526	341	171	306	159	46
1	0.100041	529	300	165
2	0.066537	531	199	201	106	222	126
1	0.099688	534	101	208
2	0.066688	536	100	200	172	100	151
1	0.133325	540	157	103
2	0.066307	542	160	100	113	204	139
1	0.266215	546	176	230
1	0.099776	553	184	166
2	0.099936	556	183	161	284	103	153
1	0.099722	559	285	100
2	0.066527	561	286	101	228	157	100
2	0.06675	563	228	158	286	100	99
1	0.43344	568	266	166
2	0.06548	578	323	149	285	156	49
1	0.266764	581	287	150
2	0.066019	587	305	154	313	179	31
1	1.39779	590	319	163
1	0.099592	632	205	204
2	0.067046	634	183	200	203	196	26
1	0.066108	636	188	200
2	0.100366	638	177	219	215	211	51
2	0.066095	641	194	201	220	194	34
1	0.067013	643	216	199
2	0.066303	645	211	199	231	192	27
1	0.299851	647	218	202
1	0.165855	659	254	194
2	0.066397	661	252	191	264	181	20
2	0.066604	663	268	182	288	179	26
1	0.066515	665	281	187
2	0.066659	667	282	182	288	188	11
2	0.099921	669	289	182	314	183	33
2	0.066537	672	308	181	302	181	9
1	0.099692	675	295	190
2	0.100025	677	258	117	101	230	248
2	0.067147	680	100	225	103	247	26
2	0.06583	682	103	246	171	128	172
1	0.233641	684	171	128
1	0.099356	691	109	196
2	0.066261	694	192	74	214	252	215
2	0.067006	696	218	280	191	102	214
1	0.332411	699	193	108
2	0.066842	708	226	38	145	213	229
1	0.066101	710	146	225
2	0.100545	712	157	219	247	111	174
2	0.099122	715	249	115	173	213	156
2	0.099912	718	183	220	245	132	129
2	0.099896	721	240	131	168	230	151
2	0.066607	724	181	223	198	212	26
1	0.365882	730	197	209
2	0.100498	737	204	209	196	225	21
2	0.166302	740	180	226	105	255	108
2	0.832718	745	102	251	110	251	11
1	0.464597	782	218	231
2	0.066413	784	250	223	289	221	51
1	0.134019	788	276	217
2	0.065791	790	280	209	270	213	12
2	0.066547	792	272	211	310	216	50
1	0.100382	795	282	214
2	0.099496	798	283	220	304	206	43
1	0.133859	802	305	218
2	0.065712	804	311	216	326	220	20
1	0.532537	807	319	221
2	0.066326	822	93	265	90	278	16
1	0.066514	824	94	265
2	0.066435	826	91	262	115	259	32
1	0.465907	830	120	259
1	0.067025	842	183	255
2	0.066291	844	181	247	188	238	15
1	0.100124	847	189	249
2	0.066142	849	183	253	225	245	57
1	0.53319	855	226	245
2	0.099153	867	256	223	263	226	9
2	0.066784	870	262	224	274	223	15
1	0.166003	875	273	221
2	0.066601	877	270	222	304	218	44
1	0.10043	880	312	222
2	0.066347	882	319	226	312	213	18
1	0.232481	886	314	221
2	0.067445	891	101	276	93	269	11
1	0.066433	893	94	267
2	0.065826	895	117	288	85	266	51
1	0.133122	899	85	263
2	0.067304	901	87	265	132	260	60
1	0.165879	906	125	262
2	0.066331	908	119	276	137	265	29
1	0.066459	910	137	269
2	0.099895	913	136	260	165	254	29
1	0.266914	921	167	263
2	0.065886	923	171	256	192	269	32
1	0.366053	934	185	267
2	0.066431	936	210	260	244	258	45
1	0.133831	940	248	264
2	0.099188	942	245	250	240	256	9
2	0.066417	945	240	258	265	254	35
1	0.066904	947	261	263
2	0.066199	949	265	249	277	264	24
1	0.101336	952	259	255
2	0.098667	955	263	252	288	250	41
1	0.09966	958	290	250
2	0.399183	960	286	249	295	248	11
2	0.066661	972	106	299	79	304	38
1	0.100275	975	81	310
2	0.099347	978	76	301	106	286	19
1	0.133417	982	102	284
2	0.332627	984	104	270	127	268	31
2	0.066378	994	138	283	161	284	31
1	0.299611	1003	168	270
2	0.067029	1005	173	261	185	265	17
1	0.332125	1012	198	273
1	0.300353	1024	245	277
2	0.0666	1026	266	268	294	284	43
1	0.398558	1038	297	274
2	0.066592	1040	301	268	122	303	246
1	0.23289	1047	81	325
2	0.06646	1049	93	321	81	308	21
1	0.066536	1051	81	304
2	0.066794	1053	81	324	103	305	40
1	1.03134	1055	121	310
2	0.066481	1086	234	344	178	276	114
1	0.69895	1088	208	284
2	0.067556	1109	250	259	260	266	16
1	0.065458	1111	262	268
2	0.066664	1113	253	252	266	283	42
1	0.166381	1115	263	269
1	0.233374	1125	271	268
2	0.066045	1127	264	268	304	260	56
1	0.666253	1136	305	268
2	1.56324	1149	91	287	93	323	45
2	0.066811	1195	191	297	200	289	16
1	0.233759	1202	200	290
2	0.06591	1204	208	286	240	285	43
1	0.332331	1206	239	285
1	0.166419	1219	254	286
2	0.067175	1221	249	284	265	288	20
2	0.066355	1223	259	282	273	306	36
1	0.166253	1228	261	294
2	0.100246	1230	256	297	275	300	27
2	0.132393	1234	261	294	277	310	23
1	0.532425	1251	295	288
2	0.100643	1254	306	288	216	330	122
1	0.498582	1259	86	349
2	0.066695	1271	115	319	117	331	15
1	0.199322	1277	129	331
2	0.099746	1280	135	336	177	310	55
1	0.100021	1283	174	315
2	0.33278	1285	175	315	218	360	81
1	0.166183	1298	228	301
2	0.066947	1300	235	300	303	307	92
1	0.132899	1304	237	305
2	0.067047	1306	249	309	277	318	42
1	0.332508	1316	267	308
2	0.067338	1318	267	306	281	298	21
1	0.132052	1322	278	299
2	0.066531	1324	277	301	294	312	26
1	0.399234	1336	307	305
2	0.866138	1338	312	311	322	305	14
2	0.065972	1364	125	350	134	362	21
1	0.099685	1367	127	344
2	0.998135	1369	118	327	127	340	21
2	0.066502	1399	155	316	225	415	160
1	0.432682	1402	195	317
2	0.066468	1414	207	285	238	310	52
1	0.233011	1421	200	299
2	0.066475	1423	222	309	193	299	42
1	0.299705	1432	226	293
2	0.066404	1434	224	295	246	309	35
1	0.099774	1437	236	297
2	0.066548	1439	233	296	245	298	17
1	0.16638	1444	239	302
2	0.09991	1446	243	297	276	297	43
2	0.066735	1449	269	293	280	298	18
1	0.132973	1453	273	296
2	0.066715	1455	281	299	301	307	29
1	0.498845	1470	294	296
2	0.066634	1472	275	302	288	311	21
1	0.232986	1479	275	303
2	0.101013	1482	273	303	296	304	23
1	0.198365	1488	288	302
2	0.066529	1490	293	299	297	312	17
1	0.066756	1492	295	305
2	0.067025	1494	298	299	318	306	29
1	0.232372	1501	310	301
2	0.066498	1503	304	300	293	304	14
1	0.067409	1505	292	301
2	0.398645	1507	292	303	319	310	38
2	0.099563	1519	89	375	97	355	29
2	0.066685	1522	84	374	159	244	197
1	0.166536	1527	154	243
2	0.066457	1529	176	263	101	362	167
1	0.066886	1531	115	370
2	0.066058	1533	118	373	184	254	178
1	0.166454	1538	188	258
2	0.099802	1540	199	258	132	374	172
2	0.099996	1543	127	349	199	262	149
2	0.066425	1546	194	268	193	284	18
1	0.466011	1560	197	261
2	0.066466	1562	199	259	124	356	162
1	0.06705	1564	171	308
2	0.099306	1566	133	365	197	258	160
2	0.099727	1569	192	264	164	354	120
2	0.199735	1572	174	346	168	358	17
1	0.100063	1579	186	347
2	0.099502	1581	185	342	214	335	41
2	0.100095	1585	213	339	224	335	104
1	0.133556	1589	232	335
2	0.066064	1591	228	334	237	329	14
2	0.06644	1593	230	335	270	330	55
1	0.066514	1595	271	325
2	0.432637	1597	264	329	287	331	30
1	0.200396	1614	310	314
2	0.0659	1616	318	309	294	319	35
1	0.132972	1620	295	323
2	0.067052	1622	288	320	299	326	16
1	0.233157	1629	316	319
2	0.066391	1631	336	314	177	345	223
2	0.099291	1633	180	354	176	264	116
2	0.066519	1636	169	266	92	380	183
1	0.06657	1638	98	366
2	0.066747	1640	96	366	169	262	168
1	0.26599	1648	168	265
2	0.066824	1650	165	264	89	377	178
2	0.06631	1652	90	378	221	273	227
1	0.066566	1654	221	269
2	0.099871	1656	220	271	151	365	152
2	0.099886	1660	246	276	223	353	149
1	0.266757	1668	217	349
2	0.099428	1670	212	347	262	351	69
2	0.066437	1673	252	362	261	333	38
1	0.066651	1675	282	342
2	0.066341	1677	291	353	279	340	24
1	0.266198	1685	298	337
2	0.099824	1687	314	341	295	334	27
1	1.09814	1693	324	333
1	0.56575	1723	165	357
1	0.166636	1743	245	383
2	0.066323	1745	264	375	241	375	31
1	0.066525	1747	249	371
2	0.066613	1749	246	369	273	363	38
1	0.133216	1753	279	371
2	0.133149	1757	281	360	309	359	25
1	0.166148	1761	304	361
2	0.0666	1763	301	356	311	355	13
1	0.898414	1768	315	359
1	0.632244	1793	366	11
1	0.133135	1812	94	423
2	0.066522	1815	97	402	287	364	265
1	0.133067	1819	297	363
2	0.066787	1821	299	349	245	367	74
1	0.299791	1830	265	373
2	0.066503	1832	285	371	371	160	281
1	0.099615	1835	396	66
2	0.099668	1838	395	57	369	28	34
1	0.19979	1844	370	27
2	0.067689	1846	375	21	410	31	48
1	0.09843	1849	404	32
2	0.066611	1851	408	31	435	34	35
1	0.166401	1856	437	33
2	0.066871	1858	436	29	484	28	59
1	0.831528	1864	489	23
1	0.299664	1892	556	0
2	0.06666	1894	567	0	584	-8	21
1	0.532223	1901	590	-3
1	0.200331	1913	387	48
1	0.132529	1919	389	41
2	0.067212	1922	436	42	414	53	30
1	0.232154	1929	418	48
2	0.10002	1931	422	51	444	51	27
2	0.099687	1935	430	44	433	51	16
1	0.0998	1938	434	48
2	0.067316	1940	442	48	453	38	18
1	0.099033	1943	462	40
2	0.100051	1945	461	35	483	38	26
2	0.099675	1949	490	36	490	36	35
1	0.099862	1952	491	36
2	0.100385	1955	492	33	531	28	50
1	0.099273	1958	530	29
2	0.099775	1961	569	22	589	22	78
1	0.266305	1969	583	21
2	0.100195	1971	485	47	382	71	132
1	0.731701	1987	375	56
1	0.13303	1998	394	54
2	0.066694	2000	400	59	442	55	53
1	0.565692	2007	434	55
1	0.099773	2020	471	42
2	0.399312	2022	490	42	520	23	41
1	0.366042	2043	535	41
2	0.066499	2045	554	35	570	40	20
1	0.066668	2047	569	37
2	0.066566	2049	571	30	563	40	13
1	0.36641	2051	562	42
2	0.066084	2062	577	36	589	34	13
1	0.432569	2071	587	29
2	0.066588	2077	509	47	387	67	153
1	0.39946	2089	381	59
2	0.066381	2091	416	50	388	46	34
1	0.066611	2093	395	45
2	0.066531	2095	393	48	430	50	47
1	0.166336	2100	445	48
2	0.06656	2102	460	48	445	44	19
1	0.366658	2113	463	47
2	0.065997	2115	482	52	491	51	10
1	0.099823	2118	493	48
2	0.066481	2120	493	48	518	47	30
1	0.665759	2126	537	47
1	0.066427	2142	609	49
2	0.066873	2144	604	48	417	89	238
1	0.166026	2146	374	100
2	0.066465	2151	394	81	372	95	31
1	0.101526	2154	379	90
2	0.064887	2156	374	91	407	87	43
1	0.100051	2159	415	83
2	0.099637	2161	410	89	420	81	15
2	0.067224	2164	417	85	452	83	43
1	0.099479	2167	436	83
2	0.066465	2169	446	79	422	85	32
1	0.067467	2171	429	81
2	0.298384	2173	427	82	448	84	28
1	0.133411	2184	467	77
2	0.066295	2186	474	76	496	74	28
1	0.067519	2188	491	74
2	0.065528	2190	492	71	485	72	9
1	0.49919	2194	478	76
1	0.332794	2215	496	61
2	0.100592	2218	505	63	479	66	21
1	0.132868	2222	479	69
2	0.099188	2225	480	68	502	73	28
1	0.333058	2235	507	73
2	0.099593	2238	512	68	535	67	40
1	0.19988	2244	537	71
2	0.066658	2246	537	70	545	70	10
1	0.166044	2251	549	72
2	0.099865	2254	547	74	567	73	22
1	0.16644	2259	576	74
2	0.09973	2262	585	68	592	77	16
1	0.133104	2266	600	72
2	0.066895	2268	597	73	406	112	246
1	0.300099	2277	380	110
2	0.098837	2280	406	86	387	108	60
1	0.166389	2285	385	106
2	0.100617	2288	385	105	404	102	35
1	0.365268	2299	411	93
2	0.066581	2301	406	91	423	93	21
1	0.066519	2303	426	87
2	0.100341	2306	438	82	438	79	13
1	0.332312	2316	434	85
2	0.066738	2318	443	83	420	91	28
1	0.099706	2321	423	91
2	0.066537	2323	424	86	438	81	18
1	0.066438	2325	427	87
2	0.066669	2327	422	92	431	91	12
1	0.133485	2331	441	96
2	0.099503	2334	446	93	444	93	14
1	0.232832	2341	436	100
2	0.100394	2344	450	91	453	95	20
1	0.132595	2348	452	97
2	0.066492	2349	484	95	446	102	48
1	0.233234	2356	472	99
2	0.100418	2358	492	90	472	98	27
2	0.065659	2361	482	94	513	94	39
1	0.133107	2365	498	98
2	0.100245	2368	500	95	525	89	21
1	0.366595	2370	523	92
1	0.13221	2383	549	63
2	0.066514	2385	547	70	563	64	19
1	0.499238	2387	571	66
1	0.167302	2404	594	60
2	0.065617	2407	530	75	380	102	196
1	0.133361	2411	390	99
2	0.066228	2413	383	95	364	102	24
1	0.266619	2421	370	100
2	0.232453	2423	366	100	375	93	14
1	0.100128	2431	377	96
2	0.066447	2433	368	99	381	101	18
1	0.099834	2436	384	102
2	0.066416	2438	388	104	429	99	52
1	0.067318	2440	421	104
2	0.066041	2442	444	99	414	104	38
1	0.09965	2445	418	105
2	0.067037	2447	396	116	415	103	27
1	0.099325	2450	416	101
2	0.099827	2453	411	102	435	95	31
1	0.233567	2460	450	101
2	0.09915	2463	457	96	470	102	24
1	0.100582	2466	469	101
2	0.066522	2468	471	101	488	101	23
1	0.099346	2471	485	98
2	0.066766	2473	486	97	516	93	38
1	0.16595	2478	513	95
2	0.066506	2480	519	90	530	89	13
1	0.166435	2485	529	90
2	0.066602	2487	529	87	550	85	27
1	0.299346	2496	540	84
2	0.101001	2498	538	81	561	82	30
1	0.565559	2506	580	78
2	0.065555	2518	378	115	372	118	9
1	0.332815	2528	379	113
2	0.100147	2531	377	122	407	118	31
1	0.199304	2537	402	119
2	0.066594	2539	400	121	432	117	40
1	0.33278	2549	441	124
2	0.099841	2552	455	120	484	117	17
1	0.166313	2557	469	118
2	0.10002	2559	480	112	501	92	36
1	0.732007	2565	501	96
1	0.132984	2586	532	96
2	0.465984	2588	537	95	574	95	46
1	0.332772	2610	371	123
2	0.066605	2612	369	113	402	113	42
1	0.300214	2618	395	114
2	0.065793	2623	418	117	429	114	14
1	0.066546	2625	422	118
2	0.099824	2628	445	119	466	113	70
1	0.099841	2631	464	117
2	0.066468	2633	467	117	495	110	37
1	0.133511	2637	480	118
2	0.099626	2640	480	125	518	124	9
1	0.266292	2648	518	124
2	0.099566	2651	522	123	542	126	24
1	0.13353	2655	542	125
2	0.066415	2657	541	123	567	123	33
1	0.0999	2660	562	121
2	0.066262	2662	571	119	588	120	21
1	0.20016	2668	588	116
2	0.066025	2670	590	114	599	115	11
1	0.166397	2675	598	114
2	0.099798	2678	594	112	377	155	225
1	0.399275	2690	367	148
2	0.066597	2692	358	147	366	142	12
1	0.099817	2695	363	139
2	0.066696	2697	369	140	394	147	35
1	0.532256	2713	399	135
2	0.066681	2715	399	135	462	126	81
1	0.100141	2718	457	123
2	0.066171	2720	450	125	461	117	17
1	0.066783	2722	467	122
2	0.09964	2725	458	120	512	107	17
1	0.199903	2731	480	117
2	0.0668	2733	484	119	477	121	10
1	0.232474	2737	480	128
1	0.332628	2749	519	133
2	0.066596	2752	520	138	541	139	26
1	0.199963	2758	550	136
2	0.066153	2760	554	135	568	134	19
1	0.199769	2766	570	129
2	0.066624	2768	479	151	361	177	154
1	0.399302	2770	360	175
1	0.067027	2782	386	136
2	0.066122	2784	389	134	380	134	12
2	0.066998	2786	386	139	410	136	29
1	0.099272	2789	390	139
2	0.066584	2791	389	136	413	143	32
1	0.366455	2793	414	138
1	0.565469	2819	439	122
2	0.066552	2821	438	123	465	123	34
1	0.665987	2830	462	121
2	0.066298	2843	447	130	460	127	15
1	0.23281	2850	479	135
2	0.066401	2852	510	130	492	135	23
1	0.233233	2856	493	141
1	0.332304	2868	513	140
2	0.199723	2871	511	140	546	139	45
1	0.133111	2879	543	137
2	0.067879	2881	541	135	556	135	18
1	0.131849	2885	561	132
2	0.099809	2888	565	135	593	130	39
1	0.099799	2891	593	130
2	0.066474	2893	521	151	358	177	212
1	0.266254	2897	364	171
2	0.066804	2903	397	165	391	161	9
1	0.232797	2906	383	163
1	0.132965	2914	396	165
2	0.066963	2916	398	165	442	165	56
1	0.532213	2932	425	166
2	0.066457	2934	408	168	450	160	53
1	0.299688	2942	409	172
2	0.066298	2944	410	177	420	178	13
1	0.067246	2947	411	182
2	0.066147	2948	415	181	392	189	33
1	0.233574	2955	397	192
2	0.099883	2957	400	196	417	195	23
2	0.066438	2960	425	214	417	196	25
1	0.465107	2964	416	197
2	0.066524	2976	428	196	438	193	14
1	0.066554	2978	440	189
2	0.066801	2980	436	187	432	195	11
1	0.29916	2989	440	190
2	0.09983	2992	458	199	469	185	43
1	0.233088	2999	463	184
2	0.066427	3001	456	168	438	184	29
1	0.100046	3004	447	179
2	0.066766	3006	448	177	474	177	34
1	0.066869	3008	472	178
2	0.432054	3010	491	171	455	177	46
2	0.066377	3023	505	176	530	174	31
1	0.86547	3030	530	171
1	0.099452	3052	363	215
2	0.333163	3054	362	217	367	207	13
2	0.066206	3064	378	218	414	224	49
1	0.366154	3066	421	218
1	0.1663	3080	442	200
2	0.066918	3082	446	201	480	199	44
1	0.39921	3085	484	198
1	0.665421	3100	504	177
1	0.266135	3122	558	177
2	0.066747	3124	568	174	596	171	37
1	0.132888	3128	591	176
2	0.100035	3131	518	187	349	221	230
1	0.10007	3134	349	221
2	0.099328	3137	347	213	386	214	19
1	0.166419	3142	377	212
2	0.066807	3144	393	213	410	212	21
1	0.132856	3148	405	216
2	0.099751	3151	407	218	427	217	22
1	0.199844	3157	431	219
2	0.099661	3160	431	219	459	217	28
1	0.133206	3164	455	218
2	0.066457	3166	450	219	472	217	29
1	0.067388	3168	488	217
2	0.09904	3171	496	214	506	216	19
1	0.266527	3179	510	208
2	0.066294	3181	507	212	533	209	33
1	0.233849	3188	533	210
2	0.365138	3190	535	218	533	207	12
1	0.199565	3205	521	205
2	0.067085	3207	531	204	550	201	24
1	0.13255	3211	549	201
2	0.099943	3214	546	199	579	201	31
1	0.16629	3219	577	198
2	0.067003	3221	534	210	364	235	225
1	0.631908	3225	366	225
1	1.03159	3250	553	219
1	0.099836	3274	378	237
2	0.066477	3276	367	241	389	241	29
2	0.066648	3278	377	226	466	216	119
1	0.10038	3281	464	205
2	0.099471	3284	465	186	483	179	18
1	0.13289	3288	482	170
2	0.099806	3291	476	164	492	168	20
1	0.133146	3295	488	158
2	0.067231	3297	483	155	472	155	14
2	0.06576	3299	472	157	501	170	41
1	0.133976	3303	485	175
