2	0.0667	2	193	109	152	104	55
1	0.099585	4	151	103
2	0.399262	7	148	100	175	102	37
1	0.299652	25	180	104
2	0.066481	27	130	104	67	101	84
1	0.266127	35	66	99
2	0.100038	37	65	98	66	86	14
1	0.598863	47	60	85
2	0.099745	59	85	92	102	99	14
1	0.166421	64	108	101
2	0.066596	66	111	104	149	103	50
1	0.233465	73	136	105
2	0.066547	75	143	110	129	100	22
1	0.099253	78	127	102
2	0.066671	80	116	101	102	105	19
1	0.199488	86	101	101
2	0.100166	89	137	104	134	104	133
1	0.066355	91	138	101
2	0.099869	94	139	97	173	102	27
1	0.099642	97	175	103
2	0.100268	99	182	106	198	102	23
2	0.066286	102	197	100	213	103	22
1	0.09982	105	201	100
2	0.066358	107	204	100	228	99	32
1	0.100071	110	225	96
2	0.066842	112	224	95	246	97	29
1	0.099644	115	251	97
2	0.066373	117	252	94	260	96	11
1	0.964943	119	271	97
2	0.067438	148	146	118	124	115	28
1	0.331997	158	121	103
2	0.066571	160	115	94	131	95	22
1	0.266145	168	156	104
2	0.166939	170	159	105	174	113	23
1	0.299246	182	172	106
2	0.066213	184	181	105	203	107	29
1	0.100007	187	207	107
2	0.066633	189	201	105	217	112	22
1	0.166157	194	232	108
2	0.099768	196	231	108	259	109	37
1	0.465883	200	254	111
1	0.23294	218	57	127
2	0.099831	221	59	129	95	129	59
1	0.299444	230	96	129
2	0.066726	232	106	120	145	125	52
1	0.199676	238	144	125
2	0.066411	240	159	125	193	126	48
1	0.099815	243	194	127
2	0.066669	245	184	123	201	125	24
1	0.100064	248	188	122
2	0.066281	250	183	125	203	125	26
1	0.066712	252	193	125
2	0.099586	254	188	120	220	128	44
2	0.066592	257	235	123	217	121	23
1	0.100772	260	221	121
2	0.132113	263	222	119	244	123	15
2	0.067034	266	242	122	216	122	34
1	0.099475	269	223	122
2	0.06667	271	220	123	210	124	14
1	0.099985	274	210	118
2	0.066772	276	210	116	232	118	30
1	0.232365	283	256	122
2	0.067107	285	273	123	289	135	26
1	0.099487	288	275	122
2	0.798739	290	273	120	279	121	9
2	0.0663	314	59	121	62	115	9
1	0.066645	316	62	111
2	0.066373	318	66	106	107	113	57
1	0.266404	326	136	116
2	0.066607	328	150	111	136	112	19
1	0.066313	330	141	113
2	0.067254	332	138	109	169	118	44
1	0.19911	338	169	111
2	0.066489	340	174	120	163	118	15
1	0.299485	342	173	121
2	0.066589	351	222	131	211	123	19
1	0.266127	359	234	129
2	0.100176	362	237	128	257	129	13
2	0.06619	364	255	127	267	122	17
1	0.532893	367	269	126
1	0.165919	385	79	137
2	0.099943	388	91	138	134	140	31
1	0.266359	396	137	138
2	0.066407	398	142	144	139	138	9
1	0.166345	403	154	137
2	0.066494	405	159	140	181	139	31
1	0.565953	408	187	137
1	0.199472	428	181	135
2	0.066643	430	198	135	222	143	33
1	0.366532	432	202	141
1	0.199246	447	240	139
2	0.0664	449	247	141	255	142	11
2	0.432637	451	248	142	276	145	38
2	0.06718	464	244	138	259	137	20
1	0.964381	466	267	131
1	0.665755	495	79	133
1	0.233315	520	116	129
2	0.065831	522	124	132	96	135	39
1	0.100227	525	99	133
2	0.099524	528	103	135	120	136	28
1	0.100107	531	121	137
2	0.066155	533	120	137	134	134	18
1	0.898615	535	136	139
2	0.133054	563	223	130	241	153	10
1	0.332796	574	219	142
2	0.100064	576	218	137	258	146	56
1	1.03129	595	256	145
1	0.066775	609	241	145
2	0.09988	611	245	143	256	143	16
2	0.400113	614	258	145	289	147	41
1	0.065542	626	64	174
2	0.066762	628	61	162	56	191	38
1	0.465626	642	85	161
2	0.066569	644	89	162	87	-34	260
2	0.100039	646	77	-64	74	180	318
2	0.06673	649	77	179	86	-29	272
1	0.099394	652	80	-50
2	0.099931	655	75	-65	106	190	325
1	0.266134	663	118	162
2	0.066512	665	139	191	140	-39	301
1	0.066598	667	141	-44
2	0.066652	669	142	-39	129	182	291
1	0.066458	671	134	182
2	0.066616	673	133	179	145	-49	295
1	0.232829	680	172	-36
2	0.066597	682	180	-39	168	175	280
1	0.49934	684	172	165
1	0.133301	701	157	93
2	0.066163	703	157	91	178	99	30
1	0.099907	706	179	93
2	0.167074	708	180	94	202	98	31
1	0.198916	717	214	101
2	0.066535	719	215	98	222	100	10
1	0.46588	733	225	101
2	0.066564	735	236	100	224	105	18
1	0.133582	739	225	101
2	0.066119	741	228	104	237	105	13
1	0.266261	749	223	109
2	0.066658	751	221	106	241	106	28
1	0.166175	756	238	111
2	0.099979	759	242	109	266	103	22
1	0.199814	765	264	105
2	0.100608	768	259	108	67	-233	502
2	0.065529	770	65	144	71	-224	508
1	0.266363	778	49	121
2	0.133048	781	43	122	78	-211	440
2	0.133292	784	87	-207	66	127	444
2	0.06677	788	79	-201	77	127	440
1	0.132639	792	79	128
2	0.133065	795	78	131	91	-208	455
2	0.09979	798	131	-189	114	131	427
2	0.13308	801	129	-191	114	133	429
2	0.100806	805	133	-189	115	128	420
1	0.431578	809	117	130
1	0.066606	821	131	133
2	0.067097	823	128	131	139	135	15
1	0.099918	826	139	130
2	0.066169	828	135	133	171	138	50
1	0.166156	833	171	134
2	0.066574	835	170	137	206	137	52
1	0.665518	843	201	137
2	0.067056	857	243	137	276	141	46
1	0.332356	863	278	140
2	0.099734	869	54	155	60	-256	541
2	0.067281	872	57	153	60	-242	515
1	0.132999	874	66	-232
2	0.099272	879	64	147	67	154	550
2	0.166389	881	61	153	70	-252	537
2	0.233033	886	54	157	61	-205	488
1	0.199891	896	93	159
2	0.066221	899	142	159	161	-155	419
2	0.066696	901	160	-152	140	162	415
1	0.266247	903	138	161
1	0.732015	920	170	159
1	0.066427	933	169	164
2	0.066489	935	174	164	210	166	52
1	0.166362	940	202	167
2	0.233224	942	207	169	200	167	10
1	0.232684	954	217	171
2	0.066553	956	214	169	238	171	32
1	0.133182	960	242	169
2	0.46667	962	237	166	219	165	25
1	0.19944	979	264	162
2	0.065988	982	265	166	283	168	25
1	0.133313	985	284	164
2	0.100294	989	279	168	64	-189	518
2	0.099013	992	71	-171	66	-180	497
1	0.133255	995	65	-172
2	0.100032	999	66	-176	64	-185	487
2	0.066374	1001	95	-169	95	176	460
2	0.066561	1003	92	180	106	-151	446
2	0.133085	1005	90	180	108	-152	446
2	0.066548	1009	163	-120	141	185	411
1	0.066653	1011	150	179
2	0.100229	1014	149	189	191	-92	381
2	0.066091	1016	200	-95	198	-13	108
2	0.066394	1018	197	-11	198	-100	120
2	0.099953	1020	200	-105	168	181	383
1	0.199777	1027	207	185
2	0.066378	1029	204	184	228	188	34
1	0.099842	1032	236	184
2	0.066482	1034	228	184	256	180	39
1	0.166774	1039	266	183
2	0.066435	1041	266	178	283	182	26
1	0.133803	1044	286	182
2	0.132269	1048	207	193	56	201	500
2	0.066668	1051	53	191	64	-141	449
1	0.099998	1053	62	-152
2	0.099405	1057	63	-154	61	-155	474
1	0.099987	1060	54	192
2	0.133891	1063	56	193	126	-126	440
2	0.065743	1066	100	189	128	-124	432
1	0.099905	1068	142	-126
2	0.133273	1072	148	-108	148	-121	425
2	0.066505	1075	150	-119	151	-75	56
2	0.066229	1077	185	-93	165	191	373
1	0.066704	1079	171	194
2	0.232856	1081	176	193	161	191	21
1	0.10063	1089	214	195
2	0.065832	1091	237	195	211	192	37
1	0.133152	1095	234	193
2	0.066469	1097	242	198	269	194	39
1	1.99661	1105	271	196
1	0.099844	1160	192	123
2	0.067484	1162	196	122	214	126	25
1	0.266183	1164	215	123
1	0.299104	1174	242	119
1	0.133105	1181	240	113
2	0.465311	1184	249	111	233	114	23
1	0.399342	1208	236	122
2	0.632313	1211	242	123	201	118	44
2	0.999097	1229	260	133	272	132	17
2	0.06579	1259	81	243	81	231	15
1	0.166251	1264	87	225
2	0.099851	1267	85	238	104	232	14
1	0.133117	1271	114	239
2	0.066707	1273	113	231	162	243	72
1	0.166433	1278	146	228
2	0.066399	1280	146	235	171	235	35
1	0.266446	1288	186	234
2	0.066315	1290	200	226	201	235	13
1	0.266159	1298	218	232
2	0.066837	1300	221	230	256	234	50
1	0.400021	1312	261	231
2	0.365272	1314	278	234	290	235	17
1	0.100559	1326	68	246
2	0.066836	1328	77	250	87	255	15
2	0.066052	1330	88	251	86	264	20
1	0.065983	1332	85	250
2	0.066536	1334	86	246	75	250	18
1	0.099869	1337	77	251
2	0.0663	1339	75	247	96	245	30
1	0.133241	1343	95	248
2	0.100239	1346	103	254	118	252	54
1	0.199427	1352	123	250
2	0.066456	1354	119	242	164	240	66
1	0.166223	1359	144	249
2	0.100041	1362	142	245	168	243	23
1	0.166527	1367	169	246
2	0.066301	1369	161	239	171	235	15
1	0.099857	1372	169	240
2	0.06666	1374	167	239	197	243	43
1	0.365959	1385	196	240
2	0.499347	1387	210	244	227	241	25
1	0.066411	1402	256	232
2	0.100486	1405	256	232	278	235	31
1	0.132332	1409	279	237
2	0.066721	1411	283	237	277	237	9
2	0.066377	1413	283	239	297	240	17
1	0.267237	1417	295	242
1	0.29867	1430	74	274
2	0.066242	1432	65	268	86	254	35
1	0.133431	1436	97	255
2	0.56549	1438	98	256	143	262	65
2	0.06662	1455	160	247	184	247	35
1	0.266986	1463	184	252
2	0.065672	1465	185	247	194	247	12
1	0.299966	1474	190	244
2	0.099692	1477	191	247	214	253	17
1	0.133064	1481	224	254
2	0.099623	1484	233	255	231	254	22
1	0.133799	1488	234	256
2	0.067361	1490	231	253	254	253	32
1	0.098197	1493	251	252
2	0.099985	1495	250	253	261	254	15
1	0.49905	1502	271	252
2	0.066848	1513	76	283	66	269	22
1	0.066503	1515	72	273
2	0.066263	1517	84	272	129	275	65
1	0.066787	1519	115	274
2	0.066933	1521	116	269	110	276	12
1	0.199044	1527	108	275
2	0.066942	1529	105	278	126	278	29
1	0.066411	1531	127	273
2	0.066332	1533	122	273	145	279	35
1	0.2005	1539	151	274
2	0.065777	1541	152	276	170	273	25
1	0.232891	1548	173	274
2	0.066831	1550	169	274	201	276	46
1	0.299215	1559	218	275
2	0.066625	1561	219	271	229	268	15
1	0.266176	1569	226	269
2	0.066583	1571	232	265	264	272	45
1	0.100579	1574	260	269
2	0.065824	1576	256	264	260	271	9
2	0.066511	1578	255	264	275	267	27
1	0.232868	1585	279	269
2	0.133327	1588	265	267	63	293	147
2	0.598693	1591	60	306	67	298	15
1	0.266757	1615	135	282
2	0.099974	1618	147	280	145	279	32
1	0.299	1627	145	278
2	0.066687	1629	144	277	161	276	23
1	0.166136	1634	166	275
2	0.101272	1637	169	276	214	278	64
1	0.164945	1642	212	276
2	0.066635	1644	213	279	233	276	27
1	0.232803	1651	230	273
2	0.066869	1653	234	275	225	275	13
1	0.132916	1657	222	273
2	0.066489	1659	226	276	209	278	24
1	0.100499	1662	210	280
2	0.06585	1664	215	276	255	278	59
1	0.099808	1667	251	276
2	0.099953	1670	248	273	272	273	29
1	0.332675	1680	274	276
2	0.066567	1682	270	277	280	277	14
1	0.565705	1690	283	279
1	0.565764	1707	76	306
1	0.199627	1722	126	291
2	0.066722	1724	143	290	169	295	38
1	0.266149	1732	166	296
2	0.066413	1734	149	286	136	291	18
1	0.499262	1738	154	295
1	0.432574	1762	199	285
2	0.066465	1763	196	285	221	287	34
1	0.166544	1768	228	293
2	0.100061	1771	225	294	256	298	42
1	0.166401	1776	256	294
2	0.066311	1778	254	292	260	290	10
2	0.066403	1780	267	295	282	295	21
1	0.399634	1792	282	292
2	0.36581	1794	281	291	288	293	9
1	0.332629	1813	80	313
2	0.066925	1815	95	306	76	308	26
1	0.132851	1819	75	321
2	0.100469	1822	78	315	118	319	13
1	0.33212	1832	117	316
2	0.299791	1834	112	314	90	318	34
2	0.099551	1844	87	315	96	305	15
1	0.29948	1853	97	305
2	0.066585	1855	162	305	246	298	124
1	0.166373	1860	254	294
2	0.066432	1862	251	284	232	298	32
1	0.166465	1867	229	284
2	0.099783	1870	228	285	253	286	44
1	0.133465	1874	255	286
2	0.066311	1876	253	284	280	283	38
1	0.73201	1881	277	284
1	0.39938	1900	363	-29
1	0.066531	1912	417	-43
2	0.067135	1914	412	-40	420	-43	10
2	0.08068	1917	421	-43	442	-36	31
1	0.251665	1924	436	-28
2	0.066576	1926	434	-37	477	-31	59
1	0.066263	1928	477	-24
2	0.066777	1930	476	-26	497	-24	29
1	0.199501	1936	496	-31
2	0.100131	1939	496	-27	520	-21	38
1	0.365789	1950	519	-16
2	0.066687	1952	522	-11	550	-9	38
1	0.432677	1965	552	-18
2	0.066274	1967	469	-3	338	5	184
1	0.599058	1974	346	0
1	0.199813	1991	369	-8
2	0.199442	1993	373	-7	389	-7	23
1	0.099991	2000	390	-3
2	0.066435	2002	388	0	411	0	32
1	0.299409	2011	410	0
2	0.100126	2014	406	-4	391	-4	12
1	0.099638	2017	389	0
2	0.066481	2019	393	-10	416	-8	34
1	0.133081	2023	418	-1
2	0.066734	2025	415	-8	434	-8	25
1	0.432548	2029	443	-7
1	0.199641	2044	485	-12
2	0.066561	2046	484	-13	502	-11	23
1	0.133091	2050	499	-3
2	0.066527	2052	502	-4	516	-5	21
1	0.132998	2056	523	-4
2	0.066605	2058	521	-5	549	-1	39
1	0.26616	2066	553	-6
2	0.066584	2068	549	-14	358	15	269
1	0.133082	2072	342	10
2	0.066837	2074	341	7	347	0	14
1	0.499613	2078	341	4
1	0.165836	2094	380	2
2	0.099684	2096	378	4	388	0	15
2	0.066687	2099	381	2	410	7	42
1	0.19975	2105	410	7
2	0.100452	2108	430	6	448	0	33
1	0.099098	2111	449	-1
2	0.10026	2114	451	-4	489	-5	31
1	0.16589	2119	483	1
2	0.066458	2121	490	1	518	4	40
1	0.100224	2124	519	5
2	0.06654	2126	521	-3	453	21	101
1	0.399067	2128	458	17
1	0.066693	2140	498	13
2	0.066389	2142	503	11	523	18	30
1	0.099905	2145	518	19
2	0.066417	2147	524	19	553	21	42
1	0.399223	2154	551	12
1	0.1673	2164	335	25
2	0.066887	2166	340	25	353	27	19
1	0.098904	2169	361	29
2	0.099604	2172	362	25	344	28	16
1	0.100305	2175	346	21
2	0.099589	2178	345	20	374	22	37
1	0.166443	2183	371	24
2	0.099525	2186	373	20	385	24	9
1	0.166353	2191	378	24
2	0.066784	2193	379	24	387	23	11
1	0.066426	2195	396	22
2	0.100575	2198	391	26	430	25	49
1	0.532183	2214	431	21
2	0.066818	2216	428	21	461	23	47
1	0.331906	2226	464	23
2	0.067165	2228	462	20	488	21	34
1	0.066037	2230	486	20
2	0.099871	2233	493	24	521	24	37
1	0.133778	2237	523	20
2	0.066136	2239	521	20	535	21	20
1	0.132795	2243	535	21
2	0.066493	2245	526	21	511	25	22
1	0.099914	2248	508	24
2	0.099989	2251	511	23	562	29	59
1	0.299412	2260	559	22
2	0.066643	2262	464	35	326	50	202
1	0.43235	2266	331	39
2	0.06694	2277	339	36	377	41	52
1	0.099511	2280	371	39
2	0.765208	2282	372	40	355	35	25
1	0.366217	2314	382	25
2	0.067138	2316	386	21	394	23	12
1	0.099247	2319	395	24
2	0.099774	2322	398	21	418	25	30
1	0.166558	2327	416	21
2	0.066334	2329	412	26	431	26	26
1	0.067448	2331	429	27
2	0.066038	2333	428	24	461	23	47
1	0.066163	2335	466	28
2	0.066789	2337	466	24	460	26	9
2	0.066415	2339	460	23	483	22	33
1	0.133719	2343	481	28
2	0.065949	2345	473	27	504	29	44
1	0.133231	2349	499	28
2	0.067037	2351	497	22	521	27	33
1	0.431864	2363	527	25
2	0.099986	2365	525	25	554	28	41
1	0.931596	2375	554	28
2	0.066576	2396	364	43	405	45	58
1	0.200154	2402	401	40
2	0.066554	2404	402	40	415	42	21
1	0.365998	2406	425	42
1	0.066253	2417	456	31
2	0.066438	2419	456	36	491	40	50
1	0.465857	2422	491	49
1	0.200484	2438	541	37
2	0.066111	2441	541	38	547	44	10
1	0.267178	2449	550	41
2	0.16511	2451	506	47	337	65	249
2	0.067547	2456	344	55	335	60	15
1	0.165393	2461	337	56
2	0.067001	2463	340	56	366	62	39
1	0.165824	2468	369	57
2	0.066579	2470	370	59	385	60	20
1	0.133971	2474	377	62
2	0.132664	2477	380	64	405	64	32
1	0.631943	2486	407	63
2	0.067046	2499	435	60	450	64	22
1	0.166068	2504	450	63
2	0.066688	2506	448	63	458	63	15
1	0.398932	2518	469	63
2	0.099888	2520	474	63	485	63	16
2	0.06654	2523	487	62	506	62	27
1	0.299613	2532	519	60
2	0.066326	2534	518	57	535	62	24
1	0.066981	2536	532	63
2	0.06709	2538	532	63	562	67	43
1	0.165459	2543	556	64
2	0.066513	2545	503	76	329	91	250
1	0.199818	2548	340	80
1	0.067198	2553	334	76
2	0.23239	2555	333	76	372	80	59
1	0.199792	2566	395	79
2	0.067174	2568	402	72	436	79	50
1	0.198716	2574	432	79
2	0.066613	2576	444	77	485	78	59
1	0.432519	2589	484	78
2	0.066526	2591	480	79	512	81	44
1	0.26622	2599	530	83
2	0.066485	2601	531	82	559	86	38
1	0.100101	2604	557	85
2	0.099708	2607	547	90	329	95	276
1	0.099795	2610	330	96
2	0.100589	2612	330	90	326	95	10
2	0.065891	2615	334	92	342	89	12
1	0.399783	2627	343	93
2	0.066333	2629	342	92	360	106	33
1	0.465534	2632	356	108
1	0.299532	2652	387	104
2	0.066849	2654	397	101	384	102	19
1	0.132892	2658	381	98
2	0.066402	2660	378	98	408	103	42
1	0.166375	2665	408	101
2	0.066588	2667	405	103	417	105	16
1	0.133204	2671	426	103
2	0.067151	2673	426	104	455	106	42
1	0.365373	2684	468	103
2	0.066656	2686	476	100	519	106	61
1	0.266582	2694	518	106
2	0.066024	2696	521	106	534	109	17
1	0.133135	2700	533	110
2	0.066633	2702	539	110	556	111	26
1	0.133058	2706	556	110
2	0.099831	2709	556	112	331	130	239
1	0.365985	2720	336	126
2	0.133325	2724	334	125	356	126	29
1	0.100093	2727	353	127
2	0.06632	2729	356	125	388	131	47
1	0.233105	2736	386	125
2	0.099633	2738	387	122	411	124	33
2	0.066518	2741	414	126	454	131	57
1	0.066422	2743	453	130
2	0.066653	2745	463	131	471	129	12
1	0.199641	2751	470	128
2	0.066526	2753	479	127	489	127	13
1	0.233058	2760	489	126
2	0.066613	2762	485	125	495	124	12
1	0.166715	2767	502	127
2	0.066028	2769	502	125	521	125	26
1	0.399284	2781	520	127
2	0.09984	2784	517	129	551	128	41
1	0.266349	2792	552	127
2	0.099723	2795	551	121	342	148	166
1	0.332673	2805	340	144
2	0.199765	2807	339	139	359	135	28
1	0.333494	2818	354	134
1	0.065798	2823	354	134
2	0.066518	2825	349	138	395	140	66
1	0.233072	2832	395	139
2	0.099687	2834	394	136	415	134	31
2	0.066512	2837	414	137	442	138	39
1	0.332896	2847	450	135
2	0.06659	2849	447	137	470	138	32
1	0.266226	2857	472	140
2	0.066527	2859	464	135	455	134	13
1	0.133227	2863	455	132
2	0.067037	2865	455	132	542	142	127
1	0.132996	2869	534	142
2	0.432148	2871	535	139	543	140	12
1	0.066538	2884	553	126
2	0.066408	2886	539	127	352	151	278
1	0.432604	2889	345	149
1	0.099969	2902	356	141
2	0.099696	2904	356	141	390	142	49
2	0.066634	2907	392	141	384	144	11
1	0.066435	2909	393	142
2	0.066714	2911	384	146	390	138	14
2	0.066434	2913	384	141	418	144	49
1	0.299432	2922	415	140
2	0.066656	2924	423	140	451	143	41
1	0.099994	2927	453	144
2	0.100014	2930	454	143	473	145	29
1	0.199335	2936	471	146
2	0.066556	2938	471	141	492	144	30
1	0.133675	2942	490	146
2	0.099199	2944	495	142	513	146	32
1	0.233037	2951	512	145
2	0.40051	2953	512	141	523	143	17
1	0.065337	2965	542	136
2	0.099738	2968	542	136	556	141	20
1	0.200571	2974	554	141
2	0.065643	2976	487	153	344	166	211
1	0.366057	2981	348	160
2	0.06744	2989	348	159	362	158	17
1	0.198733	2995	360	158
2	0.066572	2997	358	157	378	161	27
1	0.166343	3002	381	158
2	0.099967	3005	385	153	406	156	33
1	0.132979	3009	404	159
2	0.099885	3012	403	161	439	158	52
1	0.233043	3019	437	154
2	0.099813	3021	437	156	465	158	41
2	0.066641	3024	461	162	493	162	45
1	0.266108	3032	491	163
2	0.066437	3034	493	159	505	157	17
1	0.333034	3044	512	161
2	0.066305	3046	511	159	543	163	44
1	0.133486	3050	543	164
2	0.066481	3052	542	163	557	169	23
1	0.16618	3057	557	167
2	0.066503	3059	557	167	380	180	245
1	0.133259	3063	344	181
2	0.099599	3066	345	175	333	179	11
1	0.133271	3070	335	177
2	0.099632	3073	332	177	370	181	57
1	0.100031	3076	371	179
2	0.066486	3078	375	180	407	179	48
1	0.166353	3083	409	176
2	0.066953	3085	413	177	423	180	16
1	0.100934	3088	433	178
2	0.098252	3090	434	180	440	176	10
2	0.10017	3093	437	180	450	183	19
2	0.066339	3096	462	182	481	187	28
1	0.133171	3100	480	186
2	0.066467	3102	480	182	499	183	27
1	0.133014	3106	499	182
2	0.099884	3108	505	182	498	180	9
2	0.066562	3111	498	182	486	183	18
1	0.100156	3114	485	184
2	0.066137	3116	485	184	541	189	81
1	0.23391	3123	539	186
2	0.065852	3125	543	184	549	183	10
1	0.132949	3129	549	182
2	0.067093	3131	548	181	532	182	23
1	0.066177	3133	533	182
2	0.399218	3135	447	193	336	198	163
1	0.532436	3149	372	192
1	0.067165	3163	409	181
2	0.065781	3165	409	179	430	183	29
1	0.13316	3169	430	183
2	0.10043	3172	430	182	467	190	38
1	0.23288	3179	465	190
2	0.066077	3181	468	188	475	188	9
1	0.133121	3185	480	193
2	0.067288	3187	480	191	502	196	31
1	0.066171	3189	503	197
2	0.066377	3191	505	194	523	195	27
1	0.366412	3202	525	195
2	0.06618	3204	524	192	501	187	34
1	0.332718	3214	501	188
2	0.066668	3216	498	187	527	190	42
1	0.232657	3223	528	191
2	0.10038	3226	527	189	547	193	35
1	0.232961	3233	548	191
2	0.232289	3235	442	199	329	208	168
1	0.167119	3245	330	200
2	0.065801	3247	330	196	346	198	24
1	0.134265	3251	341	201
2	0.198822	3254	343	199	354	200	11
1	0.09955	3260	361	197
2	0.066659	3262	357	199	383	203	38
1	0.299407	3271	385	199
2	0.066551	3273	389	201	404	201	22
1	0.066572	3275	407	202
2	0.066839	3277	404	202	427	204	31
1	0.066305	3279	425	204
2	0.09999	3281	439	202	424	201	20
2	0.066331	3284	434	203	425	201	11
1	0.099844	3287	427	200
2	0.133425	3291	430	198	452	200	24
1	0.13284	3295	450	203
2	0.066566	3297	453	200	480	203	38
1	0.499099	3312	478	201
2	0.432581	3314	480	200	495	199	22
1	0.066827	3327	519	189
2	0.066202	3329	522	190	537	196	24
1	0.299804	3338	548	198
2	0.232692	3340	535	203	331	222	298
1	0.20024	3350	337	215
2	0.09932	3354	347	220	364	215	29
1	0.133104	3358	357	216
2	0.067058	3360	361	212	374	209	18
1	0.232432	3367	373	208
2	0.266623	3369	373	204	363	216	21
1	0.365663	3386	363	230
2	0.066467	3388	358	228	341	241	31
1	0.499092	3403	347	244
2	0.10027	3405	365	232	358	232	10
2	0.199573	3408	362	232	356	232	9
1	0.066361	3414	348	247
2	1.06482	3416	347	248	353	248	10
1	0.632298	3465	369	215
2	0.099674	3467	371	218	380	177	59
2	0.499127	3470	382	175	376	179	9
1	0.099973	3486	365	205
2	0.066935	3488	367	201	363	210	11
1	0.265709	3496	362	215
2	0.066576	3498	361	221	354	233	19
