2	0.89855	2	188	127	229	131	43
2	0.066512	28	29	134	41	130	14
1	0.06694	30	30	128
2	0.099353	33	32	135	50	135	12
1	0.233154	40	50	139
2	0.066684	42	54	137	94	141	43
1	0.233362	49	92	137
2	0.065811	51	92	139	108	142	17
1	0.333137	61	127	139
2	0.099622	64	120	142	175	142	47
1	0.167066	69	174	142
2	0.098997	71	172	144	180	137	12
1	0.434677	78	166	135
1	0.730624	89	220	134
1	0.298964	116	44	141
2	0.068561	118	42	148	54	138	16
1	0.097971	121	48	142
2	0.06639	123	42	142	85	148	45
1	0.699033	129	82	146
1	0.39926	149	62	139
1	0.632014	175	105	140
2	0.066666	177	119	139	144	136	26
1	0.266278	185	153	136
2	0.099628	188	152	144	169	144	14
1	0.167057	193	167	148
2	0.066827	195	173	149	210	126	42
1	1.03065	202	196	151
1	0.133306	230	49	168
2	0.067165	232	54	162	38	170	18
2	0.066077	234	29	181	42	172	17
1	0.066346	236	49	165
2	0.099745	239	42	165	86	158	18
1	0.399385	251	86	153
2	0.066581	253	90	150	123	161	38
1	0.499115	268	127	161
2	0.099958	271	132	161	162	166	36
1	0.266245	279	166	158
2	0.199413	281	167	149	187	151	22
1	0.099844	288	181	162
2	0.099895	291	200	154	195	170	21
1	0.266292	299	208	163
2	0.099765	301	218	160	209	166	11
2	0.066639	304	215	162	239	154	24
1	0.100099	307	234	160
2	0.066551	309	245	161	254	167	11
1	0.099528	312	252	167
2	0.099723	314	242	167	252	158	14
2	0.067862	317	245	161	47	179	212
1	0.165107	322	31	174
2	0.099921	325	38	169	35	170	19
1	0.199676	331	62	172
2	0.099787	333	67	183	87	167	26
2	0.066462	336	74	180	66	189	12
1	0.066689	338	76	173
2	0.066455	340	82	178	105	178	25
1	0.299562	349	104	173
2	0.066487	351	97	168	81	174	16
1	0.133109	355	81	174
2	0.066931	357	105	176	135	183	33
1	0.099525	360	135	175
2	0.13299	364	134	173	122	164	9
1	0.565652	381	127	166
2	0.066757	383	136	175	149	165	15
1	0.166427	385	169	169
2	0.066423	390	181	169	177	185	16
1	0.100186	393	180	180
2	0.332471	395	188	169	220	183	37
1	0.765451	405	226	166
2	0.067327	428	34	189	40	179	12
2	0.065784	430	40	179	32	192	16
1	0.067112	432	36	182
2	0.065943	434	41	179	89	182	53
1	0.066431	436	85	187
2	0.066527	438	84	187	92	177	13
2	0.06672	440	89	177	76	185	15
1	0.067013	442	86	184
2	0.066039	444	92	176	60	210	48
1	0.365905	455	65	200
2	0.066682	457	79	203	101	199	25
1	0.266322	465	101	198
2	0.099646	467	102	196	114	197	13
1	0.665767	488	116	207
2	0.066507	490	121	195	151	199	32
1	0.399082	495	147	199
1	0.199993	508	115	196
2	0.066785	510	111	196	88	192	24
1	0.099303	513	90	192
2	0.066715	515	90	191	114	201	27
1	0.199539	521	119	194
2	0.066506	523	120	208	153	196	35
1	0.36599	527	149	204
1	0.599026	537	174	219
1	0.499282	556	245	212
2	0.099999	569	52	218	143	230	100
1	0.598704	573	199	218
1	0.266329	591	48	221
1	0.266114	603	44	214
2	0.099743	606	42	216	75	205	36
1	0.499565	621	72	209
2	0.066173	623	83	208	89	212	9
1	0.432554	636	81	215
2	0.066724	638	80	215	109	219	33
1	0.23305	645	104	219
2	0.066281	647	100	225	115	219	16
1	0.366465	658	119	220
2	0.066248	660	129	219	150	216	20
2	0.066501	662	147	216	135	223	14
1	0.399498	665	144	216
1	0.099906	677	162	227
2	0.066419	679	151	233	128	220	27
1	0.266175	687	134	212
2	0.19978	690	134	224	163	199	25
1	0.166247	695	169	215
1	0.167228	703	162	221
2	0.098924	706	157	228	194	216	41
1	0.399344	710	192	216
1	0.299466	727	213	222
2	0.100203	729	210	228	273	222	63
1	0.365676	734	270	222
1	0.432723	744	67	224
1	0.266095	759	50	222
2	0.099822	765	42	232	65	223	15
1	0.100645	768	64	227
2	0.099008	771	62	220	86	227	11
1	0.199712	777	90	228
2	0.066449	779	90	226	71	223	21
1	0.199799	785	69	222
2	0.132944	789	74	223	99	224	38
1	0.166395	794	98	225
2	0.067026	796	100	224	120	230	22
1	0.099432	799	131	223
2	0.066558	801	124	222	114	229	11
2	0.066687	803	110	236	126	244	19
1	0.099793	806	120	224
2	0.066865	808	109	230	121	219	15
1	0.099366	811	114	221
2	0.0666	813	135	228	167	226	35
1	0.23303	816	163	226
2	0.066645	822	151	240	169	238	20
1	0.166232	824	184	246
1	0.299506	836	192	230
2	0.066533	838	197	224	224	231	26
1	0.266812	846	225	233
2	0.49859	849	229	233	230	224	17
1	0.632203	863	252	234
2	0.067159	882	92	238	45	241	50
1	0.665648	902	53	235
2	0.065903	904	53	243	80	237	30
1	0.199634	910	76	236
2	0.10011	913	79	233	65	194	37
1	0.16602	918	65	197
2	0.066636	920	92	209	161	234	79
1	0.598935	931	159	230
1	0.233022	945	115	240
2	0.067835	947	112	237	140	249	31
1	0.298113	952	140	241
1	0.100094	959	138	244
2	0.798816	961	133	248	178	243	48
2	0.066015	985	216	241	146	245	73
1	0.465932	992	148	243
2	0.066706	1001	167	247	143	251	25
1	0.399247	1005	143	243
1	0.133132	1017	197	236
2	0.100107	1019	216	239	239	244	24
2	0.099571	1023	236	238	240	240	9
1	0.199607	1029	246	240
2	0.36611	1031	251	233	264	241	16
1	0.16678	1045	46	253
2	0.066248	1047	56	248	45	240	16
1	0.133257	1051	53	250
2	0.099787	1054	50	251	94	252	53
1	0.19993	1060	96	253
2	0.132491	1063	99	247	85	253	15
2	0.066528	1066	84	251	119	232	42
1	0.732208	1081	143	253
1	0.632536	1091	193	255
2	0.332467	1109	243	257	261	258	17
1	0.166292	1122	35	265
2	0.100027	1124	45	260	60	261	16
1	0.399261	1128	59	260
2	0.066618	1139	223	243	216	251	9
1	0.066465	1141	220	246
2	0.100092	1143	219	242	174	232	47
1	0.39908	1147	154	228
1	0.732034	1158	67	293
2	0.099798	1179	65	282	61	294	11
2	0.100057	1183	77	284	91	291	23
1	0.499506	1198	95	285
2	0.065945	1200	94	283	78	285	18
1	0.399382	1208	73	284
2	0.06649	1214	109	287	99	293	11
1	0.266321	1216	111	289
1	0.200077	1225	117	282
1	0.2661	1236	148	293
2	0.665101	1238	158	291	179	293	21
1	0.366068	1262	230	296
1	0.299647	1275	257	295
2	0.099765	1279	122	323	51	303	77
1	0.099733	1282	53	300
2	0.06671	1284	59	292	203	316	158
1	0.332647	1287	257	309
2	0.066591	1296	82	293	39	303	48
1	0.100003	1299	53	294
2	0.066374	1301	48	293	44	304	13
1	0.233106	1308	43	298
2	0.066464	1310	42	308	46	289	19
1	0.166254	1315	48	302
2	0.067359	1317	46	306	70	303	26
1	0.265369	1325	74	297
2	0.066742	1327	72	296	44	300	30
1	0.366269	1329	40	292
1	0.399039	1343	266	297
2	0.066548	1352	58	296	56	285	11
1	0.233275	1359	46	288
2	0.066246	1361	44	300	38	307	9
1	0.732368	1363	50	301
1	0.76536	1391	115	310
1	0.665369	1410	141	314
1	0.666238	1446	104	311
2	0.065988	1448	83	304	56	302	31
1	0.399601	1453	55	301
1	0.265622	1468	61	312
2	0.299594	1470	72	311	91	306	21
1	0.066694	1479	87	314
2	0.532215	1481	88	326	118	311	33
1	0.832157	1500	150	310
1	0.332525	1523	215	307
1	0.466154	1536	232	310
1	0.09975	1547	220	303
2	0.066674	1549	232	306	275	317	47
1	0.269707	1551	275	311
1	0.096834	1560	53	322
2	0.199274	1562	53	320	41	324	12
1	0.100071	1569	45	320
2	0.065767	1571	49	324	72	314	26
1	0.665695	1578	78	320
1	0.532375	1594	72	323
1	0.665441	1613	64	313
1	0.099972	1630	98	326
2	0.965579	1632	91	313	131	313	42
1	0.299551	1661	232	310
1	0.731367	1673	217	317
2	0.067043	1692	236	325	251	325	15
1	0.731561	1694	246	328
1	0.367131	1718	41	332
1	0.098831	1728	73	334
2	0.299827	1730	80	339	91	326	17
1	0.432162	1740	108	331
2	0.066616	1752	99	330	98	349	19
1	0.399325	1754	118	338
1	0.201204	1770	135	334
2	0.065639	1772	125	322	121	333	12
1	0.066451	1773	119	330
2	0.09931	1775	125	320	188	337	72
1	0.632347	1779	185	334
2	0.067283	1797	233	334	185	330	51
1	0.165679	1802	189	330
2	0.133658	1806	193	324	246	333	32
1	0.26563	1814	246	335
2	0.066547	1816	246	347	257	343	12
1	0.266083	1824	257	338
2	0.100582	1827	260	340	60	344	102
1	0.465199	1841	56	344
2	0.066499	1843	48	348	73	343	28
1	0.266323	1851	83	340
2	0.066514	1853	89	335	143	344	60
1	0.400012	1858	128	347
1	0.132361	1868	116	343
2	0.798667	1871	107	346	137	350	31
2	0.066546	1895	200	340	217	345	18
1	0.665639	1904	216	343
2	0.066479	1917	243	347	234	348	9
1	0.366005	1920	234	351
1	0.299581	1931	265	346
1	0.099853	1940	70	357
2	0.266366	1942	74	350	55	360	19
1	0.631919	1958	250	348
1	0.133332	1971	41	355
2	0.066681	1973	41	358	59	355	20
1	0.066315	1975	66	360
2	0.066568	1977	64	356	93	356	30
1	1.03144	2001	125	355
1	0.79956	2032	211	355
2	0.066024	2034	211	358	246	361	37
1	0.432191	2047	251	359
2	0.0668	2049	263	356	278	354	16
1	0.29926	2051	282	355
2	0.067171	2060	54	375	48	370	8
1	0.565266	2067	44	371
1	0.365994	2079	88	373
1	0.066575	2090	304	85
2	0.066496	2092	305	80	332	78	27
1	0.199848	2098	341	79
2	0.066449	2100	339	76	321	76	16
1	0.232948	2107	321	71
2	0.06676	2109	331	72	385	85	54
1	0.532544	2125	377	75
2	0.099415	2128	382	86	393	96	12
1	0.333072	2138	406	91
2	0.099606	2141	394	97	326	119	27
1	0.365919	2152	320	118
2	0.066584	2154	369	118	404	116	33
1	0.066621	2156	480	104
2	0.066859	2158	494	96	492	108	9
1	0.798232	2166	479	88
2	0.066694	2184	394	72	414	84	20
1	0.166237	2189	414	67
2	0.066664	2191	413	63	405	69	9
1	0.299832	2193	395	71
1	0.132909	2203	443	73
2	0.09994	2207	439	68	479	77	37
1	0.299278	2216	487	78
2	0.066837	2218	501	79	520	82	18
1	0.200934	2224	516	83
2	0.064801	2226	512	79	525	75	12
1	0.399538	2229	518	77
1	1.0981	2240	310	92
1	0.632112	2289	401	85
2	0.067314	2292	405	89	437	95	31
1	0.532113	2308	458	87
2	0.0663	2310	464	95	490	100	26
1	0.56576	2317	486	96
1	0.465734	2330	532	108
1	0.533259	2344	306	104
1	0.365312	2366	389	98
2	0.066501	2369	395	94	446	102	52
1	0.232807	2376	436	104
2	0.09993	2379	437	100	471	103	16
1	0.232894	2386	467	99
2	0.066597	2388	467	103	487	110	20
1	0.233284	2395	489	98
2	0.199402	2397	487	96	524	104	35
2	0.066489	2403	531	99	504	101	26
1	0.332681	2406	499	95
1	0.831925	2415	307	107
2	0.099933	2441	372	108	394	111	14
1	0.532351	2449	399	112
1	0.100226	2460	393	111
2	0.066165	2462	394	110	419	120	27
1	0.532313	2478	419	112
2	0.067282	2480	422	114	450	113	26
1	0.365332	2491	450	116
2	0.10077	2493	450	109	410	109	38
2	0.099322	2497	409	103	476	121	72
1	0.1993	2503	472	115
2	0.09978	2506	468	118	489	114	12
1	0.199618	2512	494	113
2	0.066727	2514	496	107	478	104	18
1	0.266171	2522	477	105
2	0.066797	2524	474	105	503	112	28
1	0.132814	2528	522	110
2	0.099984	2531	539	114	512	105	23
1	0.133026	2535	518	110
2	0.066421	2537	509	117	488	106	22
1	0.200103	2543	485	106
2	0.066975	2545	483	113	499	109	14
1	0.065842	2547	506	121
2	0.066795	2549	523	126	524	89	32
1	0.099413	2552	527	110
2	0.100757	2554	525	95	547	108	24
2	0.065666	2557	573	118	519	129	50
1	0.066897	2559	533	77
2	0.066758	2561	405	134	264	46	169
2	0.066103	2563	266	44	288	146	100
1	0.732193	2568	298	130
1	0.333144	2588	337	112
2	0.065937	2597	376	125	379	113	11
1	0.831913	2612	370	116
1	0.29972	2631	387	118
2	0.066702	2633	395	114	394	125	10
2	0.066644	2635	395	127	437	131	39
1	0.498743	2643	433	126
1	0.066533	2652	458	132
2	0.066738	2654	460	137	485	130	24
1	0.798521	2662	485	128
2	0.167091	2680	298	148	305	140	10
2	1.0308	2685	292	154	294	137	16
1	0.266848	2722	386	130
2	0.066122	2724	388	131	378	137	10
1	0.166353	2729	375	132
2	0.066545	2731	376	140	401	140	24
1	0.465854	2735	401	136
2	0.066597	2747	375	130	402	128	24
1	0.166529	2752	401	126
2	0.066294	2754	403	137	429	129	25
1	0.200043	2760	423	133
2	0.099445	2762	434	129	465	146	35
1	0.399651	2768	464	132
1	1.09787	2777	486	137
1	0.133629	2811	368	126
2	0.09929	2815	341	139	299	150	46
1	0.099745	2818	298	149
2	0.066613	2820	302	149	290	157	13
2	0.067338	2822	297	151	265	31	119
1	0.498808	2837	329	151
2	0.066065	2839	405	165	511	172	104
1	0.399378	2851	514	162
2	0.066767	2853	432	163	304	170	125
1	0.432382	2866	313	161
2	0.066466	2868	323	147	332	150	9
1	0.099861	2871	330	151
2	0.066936	2873	332	150	356	154	23
1	0.099426	2876	350	161
2	0.066583	2878	347	163	355	150	14
1	0.099894	2881	354	153
2	0.0999	2883	348	157	372	149	22
2	0.532228	2886	372	146	364	157	12
2	0.100086	2902	400	147	375	146	23
2	0.066358	2905	371	148	346	105	46
1	0.100388	2908	369	145
2	0.066078	2910	371	144	416	157	46
1	0.23294	2917	413	150
2	0.099871	2920	414	149	429	150	9
1	0.366286	2931	440	152
2	0.06627	2933	440	147	466	146	25
1	0.100431	2936	482	157
2	0.099391	2938	481	159	479	148	11
2	0.066234	2940	481	149	498	149	17
1	0.266216	2948	500	154
2	0.099999	2951	500	148	523	158	12
1	0.099733	2954	520	154
2	0.100016	2957	543	112	419	170	85
1	0.199451	2963	338	166
2	0.066507	2965	321	159	308	162	13
1	0.099844	2968	307	170
2	0.099978	2971	323	158	350	161	33
1	0.133151	2975	347	161
2	0.066344	2977	356	159	370	163	14
1	0.066644	2979	359	140
2	0.067478	2981	352	87	368	161	69
1	0.132276	2985	369	164
2	0.099719	2987	367	166	338	161	31
2	0.066503	2990	348	157	403	161	52
1	0.333218	3000	408	151
2	0.066403	3002	404	148	445	155	40
1	0.133085	3006	442	162
2	0.132898	3009	443	156	441	164	64
1	0.299851	3019	460	165
2	0.066531	3021	462	166	501	162	36
1	0.365631	3032	498	166
2	0.099889	3035	512	164	515	158	11
1	0.133046	3039	527	166
2	0.06657	3041	472	167	386	186	82
1	0.199785	3047	301	178
2	0.066562	3049	307	168	296	187	20
1	0.099675	3052	298	181
2	0.099934	3055	311	191	337	182	20
1	0.365944	3066	339	186
2	0.066594	3068	337	204	349	185	20
1	0.09978	3071	346	185
2	0.100288	3074	344	179	377	188	31
1	0.532089	3090	376	179
2	0.066499	3092	371	186	407	182	34
1	0.299423	3094	402	184
1	0.698948	3104	438	178
1	0.100093	3125	493	184
2	0.066313	3127	488	186	510	190	21
1	0.133131	3131	510	193
2	0.432412	3133	510	193	527	189	16
1	0.332852	3151	304	205
2	0.066455	3156	304	203	299	210	9
1	1.06534	3158	343	219
1	1.06486	3190	305	204
2	0.066307	3222	343	206	337	145	58
1	0.3996	3234	340	198
2	0.099657	3237	335	192	366	191	35
1	0.399332	3249	367	195
2	0.066327	3251	371	195	395	197	24
1	0.26675	3259	395	196
2	0.365449	3261	399	199	449	200	48
1	0.366128	3281	441	199
2	0.066744	3283	448	201	476	209	26
1	0.332638	3293	470	201
2	0.066544	3295	464	205	444	201	19
1	0.26612	3303	449	201
2	0.066445	3305	461	198	453	260	58
1	0.299588	3314	476	204
2	0.066685	3316	475	203	495	218	24
1	0.366031	3327	490	215
2	0.066326	3329	488	201	525	208	35
1	0.499231	3335	524	201
1	0.332686	3347	489	209
2	0.066582	3356	423	200	429	191	10
2	0.066655	3358	432	186	463	179	30
1	0.100354	3361	466	181
2	0.099473	3363	472	181	474	165	14
1	1.26437	3368	515	152
1	0.998188	3404	501	265
1	0.133676	3435	334	187
2	0.066423	3438	351	189	361	176	15
2	0.066261	3440	363	176	379	165	20
1	0.099663	3443	389	165
2	0.066612	3445	385	181	421	183	37
1	1.46419	3448	415	172
1	0.099807	3492	528	195
2	0.332915	3494	523	198	512	191	14
1	0.365955	3513	310	209
2	0.099685	3515	302	206	331	206	33
2	0.066663	3518	331	214	334	208	9
1	0.066604	3520	333	211
2	0.100051	3523	335	212	359	212	13
1	0.232671	3529	357	206
2	0.066642	3531	360	204	380	203	23
1	0.099966	3534	376	203
2	0.099518	3536	376	215	405	207	33
2	0.066536	3539	399	213	409	209	11
1	0.732973	3542	403	210
2	0.065726	3563	435	219	462	222	30
1	0.433234	3569	472	213
1	0.132627	3580	486	212
2	0.100103	3583	488	214	518	212	32
1	0.199186	3589	516	215
2	0.066691	3591	522	206	539	205	16
1	0.365969	3596	535	215
2	0.06667	3604	351	221	318	222	39
1	0.499076	3619	305	223
2	0.06659	3621	309	220	332	223	27
1	0.565781	3630	348	222
2	0.066856	3640	369	225	379	221	13
1	0.465454	3645	378	225
1	0.366451	3658	392	223
1	0.066158	3667	416	225
2	0.066797	3669	411	223	400	232	14
1	0.365843	3671	406	228
1	0.432487	3690	466	222
1	0.399283	3705	499	227
2	0.067276	3707	510	224	531	229	23
1	0.498486	3715	526	227
2	0.066906	3724	322	250	328	235	18
2	0.099515	3726	328	235	315	240	14
2	0.066457	3729	313	240	326	228	18
1	0.366496	3733	335	234
1	0.099488	3743	356	226
2	0.066551	3745	348	232	392	234	49
1	0.299392	3754	395	232
2	0.066619	3756	387	235	400	236	14
1	2.06326	3758	398	243
1	0.333174	3828	310	252
2	0.066052	3830	319	245	354	259	44
1	0.499054	3845	346	243
2	0.100345	3847	347	243	372	242	28
2	0.09942	3850	371	240	363	250	12
1	0.199834	3854	375	235
1	0.166368	3861	392	250
2	0.066451	3864	398	254	436	245	42
1	0.133042	3868	434	247
2	0.332816	3870	427	263	431	246	18
1	0.066417	3880	462	243
2	0.199761	3882	461	243	441	249	22
1	0.19973	3892	485	240
2	0.066465	3894	483	242	497	246	15
1	0.566521	3896	497	256
1	0.332182	3921	304	260
2	0.066209	3923	316	253	333	256	22
1	0.267135	3931	332	253
2	0.099121	3934	326	257	350	256	26
1	0.099885	3937	347	249
2	0.100091	3940	345	255	349	250	18
1	0.16661	3942	349	250
1	0.099111	3948	375	245
2	0.100059	3951	363	254	327	257	10
1	0.432458	3964	330	253
2	0.066596	3966	323	257	344	254	25
1	0.099773	3969	369	252
2	0.333014	3971	358	263	364	252	12
1	0.699209	3989	374	259
2	0.066037	4002	395	268	406	259	17
1	0.100274	4005	407	262
2	0.798087	4007	421	263	414	280	19
1	0.06656	4031	399	273
2	0.100925	4034	401	268	444	277	18
1	0.231944	4041	444	269
2	0.066491	4043	444	271	488	265	48
1	1.26451	4053	485	266
1	0.199495	4087	351	274
2	0.100034	4089	365	239	352	242	14
2	0.099734	4093	395	227	412	223	22
1	0.099948	4096	438	217
2	0.06648	4098	455	204	448	214	11
1	0.466325	4105	510	219
1	0.233258	4119	322	251
2	0.198973	4120	323	248	344	241	25
1	0.23287	4131	329	247
2	0.100307	4134	331	253	348	258	11
1	0.199419	4140	343	256
2	0.100536	4142	346	249	344	256	9
1	0.198756	4146	355	244
1	0.36602	4160	386	257
2	0.066437	4162	387	247	411	250	28
1	0.29976	4164	412	244
1	0.166052	4176	397	256
2	0.133267	4178	400	255	411	251	12
1	0.332884	4183	409	258
2	0.066492	4192	433	262	483	259	57
1	0.133076	4196	479	258
2	0.067435	4198	471	269	481	254	19
1	0.066151	4200	480	260
2	0.066017	4202	478	269	493	259	20
1	0.099885	4205	491	263
2	0.066451	4207	485	271	510	284	33
1	0.233018	4209	521	266
1	0.432518	4223	524	263
1	0.099764	4230	301	279
2	0.067338	4232	306	280	314	274	12
1	0.066317	4234	320	270
2	0.066025	4236	314	272	344	277	39
1	0.099912	4239	352	268
2	0.099839	4241	355	265	344	268	13
2	0.366185	4244	350	274	324	294	36
1	0.099666	4256	66	87
2	0.066748	4258	63	76	73	77	13
1	0.133015	4262	75	76
2	0.066527	4264	92	83	132	86	55
1	0.234434	4271	128	78
2	0.065196	4273	139	83	183	86	64
1	0.166374	4278	182	84
2	0.066468	4280	184	87	241	93	76
1	0.432555	4283	241	90
2	0.066486	4295	67	113	56	124	19
1	0.432833	4297	53	126
1	0.166125	4313	172	349
2	0.066782	4315	195	363	223	438	98
2	0.099584	4318	250	355	408	437	162
1	0.133192	4322	389	435
2	0.066446	4324	378	428	374	414	16
2	0.066698	4326	365	414	335	489	95
1	0.16704	4331	224	495
2	0.065959	4333	167	418	163	471	71
2	0.067402	4335	164	477	229	604	179
1	0.165462	4340	164	529
2	0.066521	4342	122	533	105	636	143
1	0.10011	4345	106	595
2	0.099471	4348	-130	378	-72	340	165
2	0.067267	4350	-66	297	-94	420	215
2	0.06652	4352	-100	401	-98	245	270
1	0.133263	4356	-72	266
2	0.065717	4358	-62	280	-100	270	104
1	0.100126	4361	-70	279
2	0.066388	4363	-54	271	-7	327	154
2	0.066545	4365	-7	327	170	377	407
