2	0.066656	1	146	112	88	-115	321
2	0.099851	4	72	-113	27	-209	156
2	0.066889	7	84	-124	124	-33	141
1	0.265736	14	115	-36
2	0.09984	16	109	-53	160	35	138
2	0.099895	19	63	-199	153	37	344
2	0.099764	22	77	-157	152	44	298
2	0.166722	25	151	46	106	-63	163
2	0.066303	30	82	-207	184	-1	336
2	0.067018	32	183	-24	135	-132	169
1	0.099288	35	158	-105
2	0.099821	37	166	-106	215	43	212
2	0.099848	40	166	-113	214	46	229
2	0.100343	43	158	-125	203	30	219
2	0.099468	46	292	196	235	1	271
2	0.100355	49	237	53	297	203	210
2	0.06591	52	229	72	306	215	213
1	0.266185	60	296	227
2	0.066682	62	312	156	290	310	195
1	0.066687	64	289	307
2	0.066529	66	288	305	227	163	194
2	0.067081	68	230	168	312	84	156
1	0.066131	70	333	28
2	0.06638	72	335	3	246	183	268
1	0.133012	75	249	179
2	0.100511	79	218	131	219	132	186
1	0.165687	84	219	140
2	0.066523	86	227	155	188	21	182
2	0.066537	88	144	32	70	22	107
2	0.099713	90	25	-24	152	240	401
1	0.366494	98	44	8
1	0.465911	116	65	27
2	0.06612	118	56	40	37	25	37
2	0.100049	120	52	26	142	245	319
2	0.066461	123	148	271	84	25	339
1	0.335619	133	162	214
2	0.07132	136	173	225	128	45	268
2	0.092413	137	122	47	171	224	313
2	0.066248	140	137	58	171	221	221
2	0.066656	142	169	216	141	55	215
1	0.100389	145	172	85
2	0.066144	147	171	89	170	62	36
1	0.166301	152	180	80
2	0.100249	155	220	92	207	66	84
1	0.964659	160	218	93
2	0.099559	186	41	54	49	63	17
2	0.100053	190	51	63	84	72	49
1	0.133536	194	78	68
2	0.199947	196	57	50	72	62	29
2	0.298631	202	84	67	107	70	33
1	0.332764	216	144	86
1	0.166394	224	167	97
2	0.166412	226	174	106	199	110	34
1	0.199719	232	202	115
2	0.06635	237	201	119	201	110	11
2	0.066582	239	199	111	232	119	47
1	0.266373	247	232	113
2	0.066686	249	235	114	251	127	28
1	0.333121	252	248	121
1	0.997755	267	234	121
2	0.200574	291	50	101	41	96	12
1	0.298636	301	74	103
1	0.299412	313	102	122
2	0.166378	315	103	122	134	123	41
1	0.266111	326	107	120
2	0.100817	328	100	119	123	124	34
2	0.165495	331	125	123	116	112	19
2	0.099769	337	152	125	153	126	11
1	0.299466	346	148	120
2	0.13323	349	161	122	201	147	57
1	0.399293	362	197	143
2	0.266268	365	206	144	232	147	38
2	0.06651	372	232	142	267	148	48
1	0.233311	379	267	141
2	0.066092	381	273	139	290	132	25
1	0.433241	384	289	138
2	0.065941	396	54	124	52	137	15
1	0.19968	402	58	118
2	0.266587	404	56	114	78	136	43
2	0.066196	412	76	138	82	148	16
1	0.134146	416	70	142
2	0.066506	418	64	138	76	150	23
1	0.165427	420	71	145
1	0.299858	431	67	151
2	0.332728	434	87	159	75	149	19
1	0.731749	464	160	157
2	0.100289	467	189	165	199	157	17
1	0.299024	473	198	158
1	0.100123	479	202	161
2	0.066521	481	203	153	212	164	19
1	0.133091	485	206	160
2	0.066296	487	228	160	250	156	30
1	0.266146	495	251	154
2	0.532492	497	246	151	211	137	49
2	0.066658	513	94	149	222	153	172
1	0.199664	519	232	152
2	0.067099	521	234	150	281	157	64
1	0.365993	523	271	152
1	0.132524	536	58	156
2	0.066524	538	60	161	76	183	35
1	0.066542	540	71	175
2	0.066694	542	67	175	75	176	11
1	0.299373	551	70	154
2	0.070147	553	71	151	78	189	51
1	0.099129	556	75	182
2	0.070333	558	79	182	75	175	10
2	0.060907	560	76	178	97	174	30
1	0.133337	564	98	183
2	0.065221	566	100	183	86	177	22
1	0.399551	568	97	196
2	0.099978	581	152	184	194	190	26
1	0.266156	589	194	189
2	0.068325	591	187	191	209	184	32
1	0.19793	596	213	186
2	0.066181	598	214	187	262	189	63
1	0.199671	604	256	186
2	0.56605	607	253	187	289	188	29
2	0.06634	623	58	205	43	196	24
1	0.366589	634	55	199
2	0.099285	637	44	202	89	204	19
1	0.466026	651	91	208
2	0.066312	653	85	209	44	209	58
1	0.432748	666	54	212
2	0.066898	668	58	209	85	209	37
1	0.165938	673	91	210
2	0.099875	676	94	209	94	207	13
1	0.100296	679	93	207
2	0.066214	681	111	210	148	212	50
1	0.365793	692	148	211
2	0.066761	694	155	209	180	211	34
1	0.100112	697	178	211
2	0.099927	700	164	210	138	208	36
1	0.100312	703	137	209
2	0.065821	705	138	208	166	209	38
1	0.465874	719	173	210
2	0.066497	721	192	210	211	213	26
1	0.36591	732	205	213
2	0.100014	735	206	215	261	217	73
1	0.20379	741	263	219
2	0.062423	743	264	218	276	218	17
1	0.365782	745	274	219
2	0.765376	756	62	229	69	223	11
1	0.831934	790	82	183
1	0.266275	810	82	164
2	0.0665	812	84	166	128	182	65
1	0.432556	825	136	181
2	0.100474	827	155	182	137	182	25
2	0.065944	830	158	182	202	184	60
1	0.199608	836	201	182
2	0.099866	839	198	183	226	183	26
1	0.133377	843	219	183
2	0.399129	845	222	185	259	192	51
1	0.06694	857	100	179
2	0.09927	860	95	181	64	173	14
1	0.100647	863	79	175
2	0.06591	865	89	177	118	185	44
1	0.133162	869	147	187
2	0.366038	871	141	184	156	191	22
1	0.532414	887	208	188
2	0.066472	898	93	177	120	179	37
1	0.13307	902	130	176
2	0.066951	904	123	180	175	188	73
1	0.099976	907	175	190
2	0.066347	909	174	187	234	195	82
1	0.199829	915	239	190
2	0.066079	917	229	187	219	188	13
1	0.099706	920	214	191
2	0.399418	922	241	196	291	198	68
2	0.067202	934	68	213	55	207	20
1	0.498593	949	66	210
2	0.099693	951	88	206	81	210	9
2	0.066895	954	85	208	108	204	31
1	0.066459	956	104	208
2	0.100233	959	109	205	131	211	12
1	0.498494	974	147	208
2	0.066634	976	142	205	157	206	20
1	0.232952	983	161	205
2	0.06661	985	162	203	182	207	26
1	0.333077	995	180	203
2	0.099627	997	176	204	208	206	45
2	0.067026	1000	208	204	203	210	10
1	0.066214	1002	206	207
2	0.06619	1004	203	205	173	202	42
1	0.099898	1007	173	205
2	0.099843	1010	184	205	207	203	32
1	0.266262	1018	207	202
2	0.066946	1020	220	207	270	206	65
1	0.232966	1027	267	204
2	0.06604	1029	272	204	281	204	10
1	0.465799	1033	282	206
2	0.067211	1045	50	218	48	211	9
1	0.066415	1047	52	217
2	0.066121	1049	61	211	123	217	85
1	0.266217	1057	121	214
2	0.099764	1060	128	215	158	215	40
1	0.100015	1063	159	213
2	0.066366	1065	156	212	182	209	34
1	0.199958	1071	179	216
2	0.06654	1073	181	214	190	214	12
1	0.133094	1077	194	216
2	0.066261	1079	194	213	229	219	48
1	0.2665	1087	234	216
2	0.099718	1090	234	219	269	220	47
1	0.1662	1095	266	217
2	0.066733	1097	264	219	240	217	32
1	0.133738	1101	241	216
2	0.365788	1103	242	213	292	217	68
1	0.23275	1119	66	223
2	0.066551	1121	67	224	89	226	31
1	0.299951	1130	96	224
2	0.065996	1132	98	223	113	223	20
1	0.166122	1137	114	221
2	0.066647	1139	112	221	147	226	47
1	0.499223	1154	147	223
2	0.099872	1157	149	225	180	231	42
1	0.166195	1162	179	231
2	0.066632	1164	180	228	198	229	23
1	0.299428	1173	205	233
2	0.066599	1175	207	227	235	227	37
1	0.200449	1181	232	227
2	0.065671	1182	234	229	276	230	56
1	0.199753	1188	275	233
2	0.100353	1191	273	232	252	229	15
1	0.099457	1194	252	229
2	0.066848	1196	257	231	276	231	25
1	0.199183	1202	276	233
2	0.066954	1204	287	232	295	230	11
1	0.466547	1209	295	231
1	0.33175	1227	61	245
2	0.066721	1230	65	245	91	247	36
1	0.265982	1238	92	243
2	0.067581	1240	92	242	131	244	53
1	0.299685	1249	133	243
2	0.06583	1251	143	243	170	248	39
1	0.166729	1256	170	247
2	0.067748	1258	170	245	151	243	24
1	1.06296	1280	155	243
1	0.698744	1300	80	261
2	0.199984	1313	107	250	120	252	18
1	0.132673	1320	155	259
2	0.067753	1323	148	260	175	262	35
1	0.132561	1327	179	266
2	0.099426	1330	178	260	199	264	32
1	0.232757	1337	204	265
2	0.066549	1339	203	263	248	265	56
1	0.299643	1348	245	261
2	0.066381	1350	247	261	260	260	17
1	0.167125	1355	256	260
2	0.099226	1358	254	256	272	261	20
1	0.133005	1362	274	264
2	0.066552	1364	284	266	295	267	14
1	0.33278	1374	295	263
2	0.066503	1376	296	261	253	260	56
1	0.067101	1378	258	261
2	0.365554	1380	256	258	296	262	53
1	0.232898	1396	56	269
2	0.066624	1398	58	265	94	267	48
1	0.199946	1404	99	267
2	0.066934	1406	100	266	118	270	26
1	0.132313	1410	115	268
2	0.06683	1412	113	270	102	268	13
1	0.167063	1417	103	271
2	0.065848	1419	114	272	153	277	55
1	0.166349	1424	152	274
2	0.066474	1426	153	274	187	278	46
1	0.232871	1433	193	278
2	0.099842	1436	193	275	224	275	44
1	0.133181	1440	223	273
2	0.066409	1442	220	273	214	273	9
1	0.166828	1447	209	275
2	0.066147	1449	212	274	253	275	54
1	0.19979	1455	250	273
2	0.066627	1457	248	274	265	279	21
1	0.499461	1463	281	274
1	0.099416	1475	62	278
2	0.067126	1477	59	279	52	285	12
1	0.133224	1481	57	282
2	0.066243	1483	58	281	99	283	57
1	0.232412	1490	103	286
2	0.100249	1493	104	286	138	288	45
1	0.265861	1501	142	282
2	0.066724	1503	145	283	131	286	18
1	0.466422	1517	133	287
2	0.065892	1519	133	288	157	286	31
1	0.29969	1528	156	289
2	0.099967	1531	155	286	174	288	25
1	0.232596	1538	194	290
2	0.066459	1540	192	288	216	291	31
1	0.233357	1547	217	288
2	0.099457	1550	217	285	236	285	18
1	0.133212	1554	238	284
2	0.066522	1556	234	289	253	291	25
1	0.632193	1564	265	296
1	0.16716	1580	62	304
2	0.066342	1582	60	302	88	300	39
1	0.299157	1591	100	296
2	0.066247	1593	101	298	143	300	55
1	0.366244	1604	144	295
2	0.067429	1606	145	296	150	290	8
1	0.065746	1608	148	293
2	0.100742	1611	147	297	181	295	32
1	0.13276	1615	181	295
2	0.066009	1617	182	293	213	298	41
1	0.166293	1622	210	297
2	0.066935	1624	212	296	240	296	37
1	0.132992	1628	234	296
2	0.06618	1630	236	297	261	297	32
1	0.233637	1637	260	298
2	0.066342	1639	262	298	277	295	20
1	0.109766	1642	277	298
2	0.388878	1645	276	296	298	296	13
1	0.299798	1663	61	310
2	0.066349	1665	58	312	90	310	43
1	0.266191	1673	95	310
2	0.066492	1675	95	310	86	308	11
1	0.133324	1679	87	307
2	0.099956	1682	77	311	102	310	23
1	0.066134	1684	106	310
2	0.066892	1686	107	308	133	312	36
1	0.365898	1697	154	322
2	0.066425	1699	151	318	176	314	32
1	0.13309	1703	175	316
2	0.06695	1705	183	322	216	322	43
1	0.232876	1712	214	316
2	0.06623	1714	214	315	242	311	37
1	0.399364	1726	238	316
2	0.101351	1728	244	315	280	316	47
1	0.531275	1736	279	315
2	0.066717	1747	71	323	58	323	18
1	0.368807	1758	56	322
2	0.063391	1760	55	322	82	327	41
1	0.166204	1764	81	326
2	0.066763	1767	78	326	51	325	34
1	0.498867	1769	55	324
1	0.233133	1788	55	323
2	0.066549	1790	58	324	51	319	11
1	0.299322	1799	54	325
2	0.099912	1802	56	322	79	324	15
1	0.233375	1809	87	322
2	0.099396	1811	87	321	109	324	31
2	0.066565	1814	108	325	108	305	25
1	0.066701	1816	110	323
2	0.066627	1818	97	322	80	326	20
1	0.066383	1820	86	325
2	0.066377	1822	84	326	76	323	12
1	0.133109	1826	82	328
2	0.066904	1828	91	332	112	330	28
1	0.299228	1834	113	330
1	0.20016	1840	112	328
1	0.232399	1850	151	310
2	0.066823	1852	164	317	181	315	21
1	0.200571	1855	181	315
1	0.269438	1866	223	315
2	0.062491	1868	224	319	237	315	19
1	0.099602	1871	236	315
2	0.066599	1873	236	315	272	317	46
1	0.565565	1881	275	313
2	0.066623	1892	70	319	54	320	20
1	0.232812	1899	56	319
2	0.066571	1901	56	320	79	323	30
1	0.399398	1913	87	320
2	0.066478	1915	92	322	103	320	15
1	0.199847	1921	105	320
2	0.099841	1924	106	323	117	326	9
1	0.232863	1931	129	323
2	0.100027	1933	135	327	149	327	19
2	0.066333	1936	165	324	154	330	15
1	0.1666	1941	161	330
2	0.099836	1944	160	323	147	325	23
1	0.066286	1946	154	330
2	0.067149	1948	154	328	177	325	31
1	0.065988	1950	175	323
2	0.066688	1952	168	327	153	324	20
1	0.099589	1955	154	324
2	0.067426	1957	154	322	186	329	43
1	0.165711	1962	189	327
2	0.066434	1964	195	334	215	328	29
1	0.333671	1974	212	328
2	0.066187	1976	211	331	222	334	15
1	0.398727	1988	227	328
2	0.066603	1990	225	328	216	327	10
1	0.2	1996	217	325
2	0.066427	1998	215	327	229	326	19
1	0.199505	2004	229	325
2	0.099931	2007	230	328	283	329	72
1	0.06631	2009	277	329
2	0.099946	2011	285	332	279	327	9
2	0.366046	2014	276	331	287	332	13
1	0.299678	2032	60	342
2	0.066424	2034	60	338	74	346	22
1	0.432606	2047	90	341
2	0.099749	2050	96	337	104	339	11
1	0.166483	2052	107	337
1	0.233315	2062	144	342
2	0.731667	2064	143	341	130	339	18
2	0.099666	2087	107	344	69	335	38
1	0.100024	2090	73	335
2	0.099744	2093	73	332	43	337	36
1	0.133437	2097	44	338
2	0.066268	2099	47	338	75	347	39
1	0.233855	2106	95	335
2	0.065527	2108	93	339	109	336	21
1	0.066609	2110	103	337
2	0.099739	2113	104	343	140	347	10
1	0.532517	2129	136	340
2	0.066806	2131	130	338	168	345	51
1	0.066276	2133	169	339
2	0.06666	2135	178	338	203	346	32
1	0.465877	2149	199	344
2	0.099792	2152	200	340	233	348	36
1	0.533173	2168	227	344
2	0.066674	2170	225	342	249	346	30
1	0.166142	2175	245	346
2	0.06639	2177	250	346	263	344	16
1	0.232756	2184	272	344
2	0.099439	2186	270	348	282	347	16
1	0.665628	2197	294	344
1	0.366325	2217	57	351
2	0.099584	2220	64	351	82	353	22
2	0.099723	2224	80	354	82	357	14
1	0.465929	2238	58	354
2	0.066534	2240	69	354	87	358	24
1	0.299667	2246	83	360
1	0.232915	2256	125	356
2	0.066492	2258	120	360	154	360	46
1	0.333142	2268	152	356
2	0.066327	2270	155	357	178	360	30
1	0.066407	2272	176	359
2	0.066604	2274	179	355	199	359	27
1	0.36596	2276	201	359
1	0.166385	2289	119	351
2	0.066659	2292	155	356	197	358	55
1	0.266184	2300	193	358
2	0.066427	2302	207	353	246	346	50
1	0.133252	2306	243	348
2	0.066834	2308	237	352	217	355	25
1	0.099344	2311	215	356
2	0.066612	2313	214	351	219	360	12
2	0.066564	2315	215	353	237	355	29
1	0.200285	2321	237	361
2	0.100104	2324	238	362	259	364	16
1	0.202831	2330	262	362
2	0.096581	2333	261	368	279	362	22
1	0.165581	2338	277	363
2	0.366102	2340	278	362	292	360	18
2	0.099755	2351	67	373	55	370	17
2	0.066793	2354	54	376	57	366	11
1	0.265992	2361	56	367
2	0.066614	2363	70	370	90	365	27
1	0.232956	2370	88	368
2	0.066863	2372	86	371	102	370	18
1	0.166741	2377	114	371
2	0.099149	2380	124	376	140	378	23
1	0.099721	2383	142	375
2	0.066515	2385	138	378	144	371	13
1	0.166581	2390	158	373
2	0.066748	2392	172	375	190	370	25
1	0.468811	2407	190	373
2	0.097208	2409	193	375	236	378	62
1	0.265645	2417	237	371
2	0.066844	2419	235	370	253	373	23
1	0.26702	2427	254	373
2	0.065678	2429	254	370	269	366	19
1	0.09969	2432	264	372
2	0.399196	2434	265	367	292	372	34
1	0.232899	2451	60	378
2	0.099822	2454	62	376	75	381	21
1	0.232953	2461	77	378
2	0.066532	2463	79	379	120	384	54
1	0.499299	2474	128	383
1	0.100184	2481	162	387
2	0.066014	2483	177	385	192	387	20
1	0.099874	2486	191	387
2	0.066524	2488	192	389	259	394	86
1	0.233488	2495	253	395
2	0.066357	2497	259	391	265	397	9
1	0.199475	2503	268	391
2	0.06659	2505	261	392	251	386	15
1	0.099815	2508	251	387
2	0.432918	2510	252	382	296	392	56
2	0.066715	2523	49	396	46	404	10
1	0.132567	2527	49	400
2	0.06638	2529	48	397	69	405	30
1	0.233185	2536	74	401
2	0.099691	2539	77	396	97	401	22
1	0.166784	2544	94	398
2	0.066396	2546	94	400	135	407	55
1	0.099586	2549	142	405
2	0.066633	2551	142	408	113	411	38
1	0.465895	2556	86	400
1	0.732244	2575	155	403
1	0.132763	2591	203	401
2	0.066692	2593	216	398	233	404	22
1	0.20039	2599	233	405
2	0.066214	2601	235	404	278	402	53
1	0.133718	2605	273	402
2	0.065928	2607	265	397	240	400	34
1	0.066167	2609	237	405
2	0.06654	2611	240	410	240	398	13
1	0.099772	2614	239	398
2	0.066484	2616	241	394	249	393	11
1	0.931905	2626	256	400
1	0.366607	2655	201	403
2	0.099826	2657	204	400	214	402	14
2	0.067229	2660	215	408	265	405	65
1	0.364883	2662	264	405
1	0.399325	2673	63	410
2	0.066721	2685	363	108	352	103	16
1	0.166136	2690	354	102
2	0.100411	2693	355	100	421	99	82
1	0.099676	2696	421	99
2	0.066082	2698	430	96	412	94	22
1	0.599634	2716	458	67
2	0.066227	2718	419	105	465	109	57
1	0.265821	2726	460	112
2	0.0666	2728	445	102	424	100	26
1	0.166937	2733	424	103
2	0.066454	2735	418	101	437	104	23
1	0.099373	2738	437	104
2	0.066548	2740	439	104	501	114	77
1	0.199625	2746	498	112
2	0.066632	2748	500	110	529	109	36
1	0.598882	2766	527	118
2	0.066654	2768	523	111	563	128	50
1	0.133448	2772	554	110
2	0.066168	2774	553	113	530	113	27
1	0.300305	2783	528	107
2	0.138551	2785	526	106	551	110	29
2	0.093885	2790	530	106	555	107	15
1	0.16647	2795	555	104
2	0.365736	2797	555	102	560	110	11
1	0.233243	2813	318	110
2	0.06617	2815	323	107	354	111	42
1	0.166593	2820	356	106
2	0.09961	2823	351	106	372	108	22
1	0.166382	2828	382	110
2	0.099763	2831	381	107	409	112	31
1	0.133183	2835	408	111
2	0.066557	2837	408	112	447	116	48
1	0.233335	2844	443	115
2	0.099459	2847	456	116	479	115	26
1	0.200394	2853	477	115
2	0.100813	2856	476	114	536	120	70
1	0.171287	2861	533	119
2	0.459297	2865	534	118	555	123	14
2	0.066399	2877	331	122	316	120	20
1	0.333679	2887	315	120
2	0.066186	2889	316	120	331	120	20
1	0.13299	2893	340	122
2	0.067189	2895	347	121	399	128	67
1	0.399217	2907	396	124
2	0.06577	2909	409	127	438	129	36
1	0.433161	2922	437	131
2	0.069762	2924	437	131	452	131	19
1	0.195937	2930	461	135
2	0.100131	2933	461	130	479	137	20
1	0.332339	2942	478	134
2	0.066465	2944	485	136	510	137	30
1	0.199637	2950	514	138
2	0.099916	2953	516	134	543	135	41
1	0.632678	2972	546	134
2	0.39963	2974	545	129	555	136	14
1	0.13237	2988	316	141
2	0.066673	2990	317	140	344	142	36
1	0.133035	2994	345	139
2	0.133053	2998	345	137	375	140	21
1	0.133965	3002	376	136
2	0.065719	3004	375	138	398	135	31
1	0.299571	3013	402	133
2	0.066458	3015	400	133	425	134	31
1	0.532544	3031	436	136
2	0.066534	3033	439	135	475	138	45
1	0.099884	3036	473	136
2	0.066317	3038	472	140	485	141	17
1	0.166424	3043	495	143
2	0.066842	3045	495	141	517	146	27
1	0.100069	3048	526	146
2	0.132996	3052	522	138	527	146	11
1	0.101652	3055	537	146
2	0.363959	3057	534	147	557	148	28
1	0.133122	3070	314	150
2	0.067313	3072	317	150	363	153	61
1	0.232182	3079	362	151
2	0.066768	3081	365	156	389	153	32
1	0.199379	3087	391	149
2	0.066509	3089	396	151	406	150	14
1	0.099827	3092	407	151
2	0.066903	3094	404	152	438	156	44
1	0.199332	3100	437	148
2	0.133145	3104	438	148	419	146	20
1	0.399586	3116	422	152
2	0.066548	3118	420	155	433	157	16
1	0.165977	3123	441	157
2	0.066909	3125	445	154	466	156	26
1	0.199683	3131	463	157
2	0.066337	3133	475	157	507	163	40
1	0.465862	3147	503	161
2	0.066788	3149	506	161	528	163	27
1	0.199806	3155	528	163
2	0.399014	3157	526	158	558	168	42
2	0.399372	3169	348	169	322	166	33
1	0.099802	3182	537	161
2	0.06704	3184	537	156	521	159	19
1	0.099118	3187	522	158
2	0.399506	3189	521	158	544	164	29
1	0.199468	3205	328	168
2	0.099993	3208	331	168	351	169	27
1	0.099904	3211	350	169
2	0.099893	3214	361	171	378	172	23
1	0.299491	3223	377	169
2	0.066792	3225	374	167	384	167	11
1	0.166852	3230	386	168
2	0.066784	3232	386	167	400	165	18
1	0.066662	3234	403	168
2	0.104379	3237	402	165	441	166	50
1	0.360713	3248	437	167
2	0.066314	3250	435	170	458	174	29
1	0.099869	3253	460	170
2	0.102026	3256	463	171	488	175	32
1	0.430367	3269	486	173
2	0.066242	3271	485	168	506	167	26
1	0.332746	3281	505	170
2	0.133622	3285	507	172	529	168	24
1	0.165979	3290	532	176
2	0.066609	3292	540	177	548	174	12
1	0.366804	3294	547	169
2	0.698195	3305	343	174	331	175	15
1	0.099597	3327	328	184
2	0.066853	3329	326	182	361	181	46
1	0.471506	3343	359	176
2	0.060705	3345	363	175	373	174	14
1	0.100597	3348	372	178
2	0.099131	3351	375	176	424	176	69
1	0.133091	3355	423	174
2	0.066638	3357	423	175	397	173	33
1	0.13533	3361	373	172
2	0.064435	3363	372	170	410	179	49
1	0.199264	3369	414	175
2	0.06676	3371	415	173	427	179	13
1	0.166357	3376	431	173
2	0.133025	3380	431	175	462	175	32
1	0.365991	3391	460	176
2	0.099938	3394	464	179	442	178	16
1	0.166409	3399	443	179
2	0.066536	3401	445	176	478	179	42
1	0.199822	3407	475	180
2	0.099802	3410	476	181	489	180	18
1	0.099794	3413	491	180
2	0.399251	3415	486	179	519	182	39
1	0.099708	3428	536	169
2	0.066727	3430	535	170	550	178	22
1	0.465759	3444	546	183
2	0.399897	3446	538	177	555	179	19
1	0.36538	3467	310	182
2	0.100046	3470	324	188	336	187	16
1	0.100439	3473	336	185
2	0.065697	3475	339	188	368	188	38
1	0.233338	3482	367	185
2	0.099444	3485	365	188	386	183	23
1	0.366033	3496	392	188
2	0.06687	3498	393	187	417	194	31
1	0.265881	3506	428	197
2	0.10004	3509	430	189	440	185	9
1	0.099768	3512	443	186
2	0.06657	3514	442	185	471	188	35
1	0.166376	3519	471	187
2	0.067594	3521	472	187	487	187	19
1	0.098723	3524	487	186
2	0.100362	3527	487	186	442	181	31
1	0.166558	3532	440	177
2	0.06598	3533	438	178	460	184	28
1	0.166176	3538	459	187
2	0.066536	3540	462	188	491	192	35
1	0.200094	3542	492	194
2	0.099502	3549	515	198	536	201	29
1	0.166384	3554	536	202
2	0.066686	3556	540	199	556	201	20
1	0.433236	3560	551	200
2	0.066627	3571	341	206	319	203	28
1	0.498411	3586	317	201
2	0.066329	3588	328	201	347	202	25
1	0.166716	3593	346	202
2	0.066517	3595	346	200	378	203	39
1	0.367113	3606	389	200
2	0.065623	3608	386	201	425	201	51
1	0.631865	3627	423	199
2	0.06764	3629	422	199	466	203	52
1	0.265234	3637	472	208
2	0.066913	3639	468	202	481	199	15
1	0.101278	3642	478	202
2	0.09944	3645	480	202	515	210	38
1	0.164986	3650	505	203
2	0.066418	3652	501	203	518	204	20
1	0.166378	3657	524	208
2	0.100056	3659	529	207	548	206	23
1	0.598842	3668	550	209
1	0.332772	3688	324	222
2	0.066568	3690	338	222	355	220	22
1	0.266172	3698	354	220
2	0.066622	3700	366	217	403	219	47
1	0.166438	3705	404	217
2	0.10025	3708	408	213	424	220	21
1	0.332616	3718	423	218
2	0.066177	3720	421	220	480	225	73
1	0.499237	3735	480	221
2	0.067004	3737	479	215	505	218	33
1	0.099224	3740	507	219
2	0.067595	3742	506	218	529	217	27
1	0.173347	3747	537	220
2	0.093107	3750	539	219	560	224	30
1	0.13332	3754	558	226
2	0.065089	3756	556	226	525	219	40
1	0.203866	3762	526	220
2	0.062867	3764	531	221	546	220	22
1	0.465399	3769	545	224
1	0.333088	3788	320	225
2	0.099624	3790	320	222	331	223	13
2	0.06656	3793	314	225	374	231	76
1	0.16649	3795	368	231
1	0.265938	3806	366	226
2	0.100432	3809	367	230	389	237	24
1	0.365605	3820	389	231
2	0.100163	3823	401	233	426	234	27
1	0.1326	3827	423	231
2	0.067143	3829	428	230	469	231	49
1	0.432444	3842	465	232
2	0.066249	3844	460	228	452	228	11
1	0.166693	3849	454	227
2	0.066177	3851	454	225	469	226	18
1	0.366811	3862	466	226
2	0.065979	3864	469	220	454	218	17
1	0.099981	3867	451	219
2	0.099443	3870	451	221	514	239	65
1	0.36639	3881	512	234
2	0.066311	3883	507	232	561	238	62
1	0.099842	3886	556	233
2	0.066614	3888	558	233	537	234	26
1	0.565571	3905	514	227
2	0.066867	3907	509	227	535	226	30
1	0.06658	3909	539	230
2	0.066383	3911	538	227	559	233	25
1	0.366632	3913	556	230
1	0.099006	3925	317	247
2	0.066711	3927	318	251	344	244	34
1	0.266222	3935	344	242
2	0.066579	3937	344	238	365	238	26
1	0.132888	3941	366	236
2	0.09999	3944	363	236	407	238	56
1	0.199889	3950	401	234
2	0.067635	3952	402	236	385	234	22
1	0.065181	3954	380	235
2	0.066959	3956	381	234	344	254	53
1	0.565967	3962	350	252
1	0.165771	3978	401	246
2	0.066493	3980	403	248	430	263	38
1	0.200048	3986	422	258
2	0.099388	3989	394	258	350	254	59
1	0.466031	4003	347	246
2	0.099922	4006	343	250	405	256	94
1	0.332714	4016	405	256
2	0.066378	4018	405	255	422	258	23
1	0.199653	4024	418	262
2	0.133094	4028	416	262	439	266	34
1	0.166449	4033	441	265
2	0.066753	4035	443	259	474	263	38
1	0.365861	4042	465	266
1	0.266125	4054	493	265
2	0.067674	4056	494	264	533	276	46
1	0.531542	4062	552	276
2	0.06643	4074	311	277	308	284	9
1	0.2665	4082	312	278
2	0.099582	4084	311	283	364	276	67
1	0.499272	4090	363	269
2	0.06659	4102	534	271	513	265	25
1	0.13324	4106	514	267
2	0.066204	4108	509	267	477	267	39
1	0.133425	4112	482	257
2	0.066233	4114	487	267	498	263	14
1	0.099781	4116	502	266
2	0.066638	4118	514	268	547	281	40
1	0.400276	4121	545	276
2	0.09874	4133	327	279	314	276	13
1	0.10071	4136	315	273
2	0.101385	4140	315	273	376	269	56
1	0.23083	4146	378	269
2	0.100128	4149	382	284	391	271	17
1	0.099294	4152	391	271
2	0.066911	4154	393	273	379	270	15
1	0.166605	4159	379	272
2	0.066151	4161	384	267	400	269	21
1	0.266138	4169	400	279
2	0.066484	4171	393	276	368	277	31
1	0.133288	4175	374	269
2	0.100715	4178	368	272	389	276	23
1	0.13294	4182	393	268
2	0.071742	4185	390	273	425	277	42
1	0.10644	4188	424	266
2	0.120784	4191	427	276	449	284	14
1	0.100036	4194	448	283
2	0.099293	4197	448	282	481	290	34
1	0.434325	4210	480	285
2	0.064679	4212	505	288	528	287	28
1	0.199799	4215	529	292
1	0.099849	4221	529	292
2	0.432847	4223	536	291	558	293	25
2	0.066144	4236	329	291	323	294	9
1	0.23358	4243	323	296
2	0.065986	4245	329	292	361	294	41
1	0.334662	4255	358	290
2	0.065691	4257	376	286	398	286	27
1	0.132154	4261	394	291
2	0.066685	4263	395	291	405	300	15
1	0.16696	4268	411	293
2	0.098945	4271	411	293	457	296	60
1	0.266336	4279	458	297
2	0.066524	4281	459	295	482	296	27
1	0.166687	4286	482	297
2	0.099452	4289	481	298	450	295	39
1	0.166772	4294	454	298
2	0.066167	4296	463	301	491	300	33
1	0.133067	4300	488	297
2	0.099947	4303	486	292	507	300	24
1	0.333047	4313	516	301
2	0.099482	4316	516	302	460	293	68
1	0.233329	4323	459	292
2	0.066146	4325	457	294	470	295	16
1	0.338111	4335	475	295
2	0.062356	4337	482	295	510	299	36
1	0.165271	4342	513	301
2	0.099824	4345	511	292	560	301	58
1	0.400008	4347	560	309
1	0.132403	4361	326	307
2	0.066749	4363	359	300	420	286	77
1	0.133068	4367	420	286
2	0.066379	4369	420	281	384	272	46
1	0.233122	4376	384	275
2	0.099751	4379	379	274	432	281	47
1	0.166378	4384	432	278
2	0.066661	4386	435	280	394	278	50
1	0.166418	4391	387	276
2	0.099871	4393	386	276	413	277	33
2	0.099805	4397	418	282	455	288	47
1	0.265989	4405	456	287
2	0.099832	4408	456	287	412	279	41
1	0.100248	4411	413	283
2	0.066566	4413	412	284	482	292	87
1	0.446121	4426	486	286
2	0.100198	4429	484	288	526	288	88
1	0.684446	4436	532	288
1	0.399558	4462	326	294
2	0.066512	4464	326	289	361	293	43
1	0.232819	4471	355	290
2	0.066548	4473	359	286	368	285	13
1	0.166434	4478	370	286
2	0.066818	4480	369	287	408	289	48
1	0.266805	4488	408	286
2	0.06566	4490	415	286	447	291	42
1	0.10022	4493	444	288
2	0.099519	4496	443	288	475	292	40
1	0.23282	4503	474	295
2	0.066782	4505	471	292	508	297	46
1	0.133052	4509	521	281
2	0.09983	4512	539	270	509	294	25
1	1.06587	4514	556	301
1	0.165354	4549	37	487
