1	0.399571	0	260	123
2	0.332271	4	122	141	97	200	106
1	0.700986	7	150	133
1	0.83027	18	246	135
2	0.199076	23	114	158	158	152	75
2	0.066703	25	169	153	195	159	46
1	0.199748	26	200	153
1	0.765325	28	233	150
1	0.166533	36	202	157
2	0.066424	37	208	163	233	169	46
1	0.232908	39	257	163
2	0.100488	40	248	168	272	167	22
1	0.198878	42	273	156
2	0.067513	43	277	161	283	163	11
1	0.464697	43	278	162
1	0.266438	49	119	184
1	0.166258	52	126	177
2	0.100121	53	145	182	168	167	39
1	0.232871	55	161	174
2	0.066561	56	173	171	196	173	41
1	0.099675	57	187	166
2	0.133533	58	195	171	224	174	25
2	0.066494	59	227	174	230	187	23
1	0.099831	60	220	171
2	0.066145	60	220	170	233	171	23
1	0.133239	62	243	170
2	0.099917	62	241	169	257	170	27
2	0.399961	63	253	172	267	169	25
1	0.165848	68	107	194
2	0.066335	69	107	198	137	205	52
1	0.066355	70	173	190
2	0.099859	71	147	209	177	187	37
1	0.266101	73	190	184
2	0.066716	74	197	184	226	187	51
1	0.233348	75	228	188
2	0.099332	77	227	177	236	178	18
2	0.066534	78	232	184	243	184	18
1	0.232954	80	235	182
2	0.066543	81	218	180	228	176	17
2	0.099952	82	221	179	259	179	64
1	0.59909	85	261	179
1	0.465891	93	140	206
2	0.066456	93	144	197	116	198	47
1	0.133029	95	125	172
2	0.099744	96	117	184	216	182	106
1	0.133372	97	217	181
2	0.066385	98	226	178	251	174	42
1	0.133002	99	255	173
2	0.099824	100	255	174	232	174	21
1	0.100046	101	230	169
2	0.533189	102	231	174	261	174	50
1	0.165711	107	150	199
2	0.067275	109	158	191	214	195	97
1	0.367181	112	215	187
2	0.064692	113	213	189	242	192	53
1	0.399877	117	249	182
2	0.066005	118	248	189	262	187	25
1	0.39922	122	259	172
2	0.066522	122	251	175	244	175	11
1	0.466306	126	247	171
1	0.232319	128	237	176
2	0.532702	130	233	177	256	181	42
1	0.199691	137	171	200
2	0.099942	137	172	204	210	209	66
2	0.0669	138	202	197	208	204	14
1	0.099284	139	211	194
2	0.099679	140	203	194	216	192	17
1	0.100289	141	218	198
2	0.066813	142	222	201	250	203	48
1	0.432359	143	242	199
2	0.100226	147	97	232	106	227	24
1	0.098936	148	113	230
2	0.066736	149	109	231	135	227	44
1	0.133869	150	138	220
2	0.065908	151	140	218	181	215	68
1	0.332604	154	185	210
2	0.06668	155	189	213	233	221	80
1	0.33277	158	240	216
2	0.066359	159	237	205	256	204	33
1	0.466291	160	264	210
2	0.066329	164	103	245	111	242	14
1	0.232865	166	129	238
2	0.099677	167	163	227	184	224	36
2	0.099885	168	184	226	181	232	10
2	0.066572	169	192	226	251	233	106
1	0.532456	171	246	224
1	0.166508	175	100	257
2	0.066395	177	138	256	144	244	22
1	0.233102	179	133	242
2	0.499339	180	134	254	137	244	17
1	0.099688	185	192	224
2	0.066624	186	212	235	236	239	44
1	0.266343	189	229	231
2	0.066218	189	230	230	255	229	41
1	0.066682	190	260	242
2	0.365902	191	258	253	261	235	30
2	0.099835	194	100	241	125	244	11
1	0.233383	197	134	245
2	0.065904	197	138	256	153	250	28
1	0.26644	200	166	252
2	0.066704	201	181	252	175	246	13
2	0.099803	202	177	246	213	245	51
1	0.132995	203	215	250
2	0.066407	204	217	259	240	253	40
1	0.100946	205	242	253
2	0.065571	205	243	246	270	244	48
1	0.432544	206	266	239
1	0.333876	213	127	261
2	0.065575	214	145	252	200	257	96
1	0.235791	216	200	259
2	0.063862	217	221	263	248	260	53
1	0.366154	217	248	253
1	0.133031	222	97	260
2	0.066159	222	113	269	139	269	45
1	0.299304	225	139	266
2	0.067343	226	144	267	189	263	77
1	0.199325	228	191	265
2	0.066577	229	182	267	216	270	56
1	1.03137	234	244	276
1	0.099997	240	127	279
2	0.066377	241	146	289	171	287	42
1	0.166227	242	175	281
2	0.06666	243	184	280	204	273	34
1	0.099976	244	214	279
2	0.066412	245	205	275	231	284	47
1	0.36599	245	255	289
2	0.066505	249	113	293	120	291	13
1	0.133042	250	116	281
2	0.066973	251	124	348	173	288	120
1	0.132658	252	172	288
2	0.100045	253	171	290	220	299	62
1	0.199641	255	215	297
2	0.099837	256	187	301	122	311	165
1	0.099769	257	135	313
2	0.066998	258	128	309	122	347	60
1	0.166037	260	127	317
2	0.066465	260	123	319	147	317	38
1	0.133796	262	151	317
2	0.099717	263	142	320	187	319	50
1	0.099423	264	197	321
2	0.099891	264	193	324	189	330	10
2	0.066211	265	185	318	226	320	69
1	0.133381	267	0	16851008
